70.07 28.01 70 27.63
70.09 27.93 70 28.19
50.32 12.09 51.02 15.17
51.02 15.17 50.64 16.37
50.64 16.37 50.11 16.64
50.11 16.64 50.44 16.89
50.44 16.89 50.32 17.73
50.32 17.73 50 18.16
50 6.192 51.04 5.864
51.04 5.864 51.83 5.948
51.83 5.948 52.24 7.053
52.24 7.053 52.55 6.689
52.55 6.689 53.32 7.193
53.32 7.193 53.61 6.409
54.47 20 54.48 19.6
50 12.3 50.32 12.09
68.41 20 68.34 19.94
68.34 19.94 68.51 18.1
68.51 18.1 67.95 17.88
67.95 17.88 67.9 16.73
67.9 16.73 66.28 15.47
66.28 15.47 66.13 14.5
66.13 14.5 64.58 13.66
64.58 13.66 64.17 14.15
64.17 14.15 63.96 12.67
63.96 12.67 63.27 11.94
63.27 11.94 61.73 12.12
61.73 12.12 61.36 12.86
61.36 12.86 61 12.21
61 12.21 60.1 12.49
60.1 12.49 59.85 11.82
59.85 11.82 58.9 11.62
58.9 11.62 58.91 10.76
50 4.994 50.17 4.832
50.17 4.832 50 4.223
50 4.122 51.09 2.542
50.87 14.83 52.57 14.64
52.57 14.64 52.85 14.13
52.85 14.13 53.27 14.45
50.76 6.012 51.49 5.041
51.49 5.041 51.37 3.37
50.13 6.133 50 6.062
55.09 8.41 54.77 10.03
50 23.32 50.54 24.13
50.54 24.13 52.28 23.17
52.28 23.17 53.17 23.91
53.17 23.91 54.39 22.99
54.39 22.99 54.47 20
69.06 20.59 68.41 20
70 27.63 69.71 25.99
69.71 25.99 68.56 24.91
68.56 24.91 68.71 22.4
68.71 22.4 69.33 21.32
69.33 21.32 69.06 20.58
69.06 20.58 67.94 23.67
67.94 23.67 65.51 24.14
69.05 28.96 68.19 28.7
68.19 28.7 67.69 30.03
67.69 30.03 66.88 29.08
66.88 29.08 64.1 30.61
64.1 30.61 63.74 29.99
63.74 29.99 62.91 31.58
56.08 21.05 56.42 22.07
56.42 22.07 56.45 24.9
56.45 24.9 55.68 26.61
56.08 21.05 56.42 22.07
56.42 22.07 56.45 24.9
56.45 24.9 55.68 26.61
54.98 26.16 54.16 25.77
54.16 25.77 53.95 23.5
54.98 26.16 54.16 25.77
54.16 25.77 53.95 23.5
50.96 35.31 50.36 35.63
50.36 35.63 50.44 37.46
50.44 37.46 50 37.92
52.11 31.78 52.37 33.82
52.37 33.82 51.84 34.38
57.54 27.37 58.08 25.29
58.08 25.29 57.87 24.31
55.6 30.93 56.15 28.17
55.6 30.93 56.15 28.17
51.63 27.51 51.38 29.35
62.91 31.59 60.55 27.81
56.15 28.17 57.54 27.37
70 28.19 69.69 29.13
69.69 29.13 69.03 29.03
69.03 29.03 69.79 30.86
54.46 31.2 55.6 30.93
51.92 25.55 51.53 23.6
51.92 25.55 51.63 27.51
53.12 31.38 52.11 31.78
53.44 32.74 53.12 31.38
55.67 26.61 55.28 26.82
55.28 26.82 54.98 26.16
55.67 26.61 55.28 26.82
55.28 26.82 54.98 26.16
51.26 34.21 50.96 35.31
51.38 29.35 51.25 30.55
53.44 32.74 53.8 31.76
51.94 30.8 51.25 30.55
55.07 22.6 55.25 21.27
54.37 22.78 55.07 22.6
59.16 27.84 58.01 27.67
52.11 31.78 51.94 30.8
51.84 34.38 51.37 34.3
57.54 27.37 58.01 27.67
54 31.87 54.46 31.2
55.83 27.35 55.68 26.61
55.83 27.35 55.68 26.61
56.15 28.17 55.79 27.6
56.15 28.17 55.79 27.6
54 31.87 53.8 31.76
59.16 27.84 59.35 28.19
55.79 27.6 55.83 27.35
55.79 27.6 55.83 27.35
51.37 34.3 51.26 34.21
59.48 28.02 59.35 28.19
60.55 27.8 60.26 27.5
51.77 50.77 50.65 48.59
50.65 48.59 50 48.78
50 48.62 50.38 47.44
51.12 57.79 50.86 57.48
50.86 57.48 51.08 56.5
51.08 56.5 50.53 55.69
50.53 55.69 51.04 54.65
51.04 54.65 50.53 54.52
50.83 60 50.48 59.54
50.48 59.54 51.16 58.34
51.46 52.58 51.78 52.35
51.78 52.35 51.45 51.68
51.45 51.68 51.77 50.77
50.38 47.45 50 47.26
50.53 54.52 51.51 53.36
51.51 53.36 51.46 52.58
51.16 58.34 51.08 58
51.08 58 51.12 57.79
52 60.03 52.34 61.06
52.34 61.06 52.98 61
52.98 61 53 62.12
53 62.12 53.31 61.18
53.31 61.18 53.51 61.58
53.51 61.58 53.62 60.91
53.62 60.91 53.95 61.01
53.95 61.01 54.18 63.33
51.26 61.68 50.79 61.41
50.79 61.41 50.86 60.04
50.86 60.04 50.83 60
51.67 79.34 50.85 80
54.19 71.06 54.14 72.19
54.14 72.19 54.39 72.05
54.39 72.05 53.91 72.47
53.91 72.47 54.07 73.76
54.07 73.76 53.44 73.44
54.65 66.11 54.97 68.21
54.97 68.21 55.37 68.73
54.11 75.69 54.48 76.92
54.48 76.92 53.99 76.52
53.99 76.52 53.35 77.8
54.39 64.6 54.64 66.11
54.39 64.6 54.64 66.11
55.3 70.47 54.69 71.28
54.69 71.28 54.19 71.07
55.37 68.72 55.3 70.47
51.62 60.94 52 60.02
53.44 73.44 53.48 74.43
53.48 74.43 54.11 75.69
53.35 77.8 51.67 79.34
54.2 63.9 54.39 64.6
51.62 60.94 51.43 61.5
54.18 63.33 54.2 63.9
51.27 61.68 51.43 61.5
50 90.05 50.87 92.38
50.87 92.38 50.57 94.28
50.57 94.28 50.02 94.64
50.02 94.64 50 94.86
50 97.79 50.29 98.29
50.29 98.29 51 97.83
51 97.83 52.14 98.93
52.14 98.93 51.88 100
50.74 81.6 51 83.46
51 83.46 50 84.74
50.85 80 50.76 80.08
50.76 80.08 51.31 80.69
51.31 80.69 50.74 81.6
50 116.2 50.28 114.3
50.28 114.3 50 113.8
51.88 100 51.33 102.2
51.33 102.2 50.57 102.3
50.57 102.3 50.2 103.3
50.2 103.3 50.48 105.4
50.48 105.4 50 107.7
50 119.1 51.13 120
51.13 120 52.11 120.8
52.11 120.8 52.77 120
52.77 120 53.28 120.9
53.28 120.9 53.55 123.3
53.55 123.3 52.76 126.1
52.76 126.1 50.21 127.6
50.2 127.6 50 127.7
60.33 -140 60.31 -141
60.31 -141 69.65 -141
54.71 -130.6 55.28 -130
55.28 -130 56.12 -130.1
56.12 -130.1 56.6 -131.8
56.6 -131.8 59.7 -135.2
59.7 -135.2 59.6 -136.3
59.6 -136.3 58.91 -137.5
58.91 -137.5 60.35 -139.1
60.35 -139.1 60.33 -140
55.07 -7.253 54.44 -8.157
54.44 -8.157 54.1 -6.267
50 18.16 49.4 18.98
49.4 18.98 49.61 19.47
49.61 19.47 49.23 20
46.53 13.72 46.39 14.57
46.39 14.57 46.87 16.29
46.87 16.29 45.77 17.86
45.77 17.86 46.12 20
47.59 7.589 48.96 8.228
48.96 8.228 49.46 6.362
49.46 6.362 50 6.192
30 9.338 30.12 9.302
30.12 9.302 30.73 10.21
30.73 10.21 31.69 10.29
31.69 10.29 32.44 11.57
32.44 11.57 33.17 11.53
43.79 7.532 44.18 7.673
44.18 7.673 44.38 6.877
44.38 6.877 45.11 6.62
45.11 6.62 45.42 7.182
45.42 7.182 45.83 6.809
45.83 6.809 45.92 7.863
45.92 7.863 46.46 8.43
46.46 8.43 45.82 9.006
45.82 9.006 46.5 9.297
46.5 9.297 46.23 10.14
46.23 10.14 46.94 10.49
46.94 10.49 47.06 9.476
47.06 9.476 47.54 9.567
47.54 9.731 47.27 10.17
47.27 10.17 47.59 10.47
47.59 10.47 47.4 11.27
47.4 11.27 47.74 12.26
47.74 12.26 47.5 13.05
47.5 13.05 48.12 12.76
48.12 12.76 48.77 13.83
48.77 13.83 49.43 12.66
49.43 12.66 50 12.3
46.87 16.11 47.01 16.51
47.01 16.51 47.7 16.45
47.7 16.45 48.02 17.19
48.02 17.19 47.76 18.66
47.76 18.66 48.15 20
45.93 7.04 46.45 6.703
46.45 6.703 46.14 5.966
46.14 5.966 47.5 6.99
47.5 6.99 47.81 8.566
47.81 8.566 47.54 9.728
39.84 19.93 39.81 20
42.54 20 42.63 19.65
42.63 19.65 41.85 19.37
49.52 18.85 48.62 16.94
49.46 6.362 49.51 5.473
49.51 5.473 50 4.994
50 4.223 49.98 4.151
49.98 4.151 50 4.122
45.6 13.72 46.3 13.38
46.3 13.38 46.53 13.72
46.53 13.72 46.69 12.44
46.69 12.44 47.09 12.19
47.09 12.19 46.87 10.47
30.23 9.537 32.1 9.055
32.1 9.055 32.53 8.349
32.53 8.349 33.89 7.492
33.89 7.492 34.65 8.253
34.65 8.253 36.52 8.184
36.52 8.184 36.94 8.629
48.77 13.83 48.58 14.7
48.58 14.7 49.02 15.03
49.02 15.03 48.81 16.54
48.81 16.54 48.14 17.07
42.6 1.486 42.71 0.005188
50 6.062 49.55 5.809
42.43 3.208 42.51 1.756
42.51 1.756 42.57 1.458
42.57 1.458 42.51 1.754
42.95 9.677 43.18 9.452
39.87 19.3 39.93 19.66
43.92 12.41 43.91 12.41
47.06 9.599 47.27 9.534
48.01 17.17 48.14 17.06
42.46 1.995 42.46 1.994
42.49 9.829 42.66 9.794
41.34 9.036 41.41 9.4
43.73 7.391 43.76 7.44
47.69 8.68 47.69 8.681
42.55 18.46 43.53 18.95
43.53 18.95 43.6 19.52
43.6 19.52 44 19.21
44 19.21 44.04 19.62
44.04 19.62 44.39 19.09
44.39 19.09 44.88 19.37
44.88 19.37 45.19 15.77
45.19 15.77 44.18 16.25
44.18 16.25 42.55 18.46
43.53 19.23 43.12 20
45.91 18.84 45.21 19.43
45.21 19.43 44.85 18.96
46.48 16.57 46.19 15.62
46.19 15.62 45.46 15.34
45.46 15.34 45.49 13.59
49.23 20 49.18 20.08
49.18 20.08 49.44 21.61
49.44 21.61 49.08 22.56
46.12 20 46.15 20.2
46.15 20.2 45.15 21.51
45.15 21.51 44.78 21.4
44.78 21.4 44.6 22.72
44.6 22.72 43.82 22.97
43.82 22.97 43.62 25.42
43.62 25.42 44.15 27.03
44.15 27.03 43.75 28.58
30 37.49 30 37.5
30 37.5 30.5 38
30.5 38 31.51 37.01
31.51 37.01 32.24 39.3
32.24 39.3 33.38 38.79
33.38 38.79 32.31 36.84
32.31 36.84 32.76 35.67
31.65 25.15 30.16 24.71
30.16 24.71 30 24.76
46.12 20.26 46.3 21.18
46.3 21.18 47.52 22.02
47.52 22.02 48.11 23.16
48.11 23.16 47.71 24.92
47.71 24.92 48.26 26.7
48.26 26.7 46.98 28.08
46.98 28.08 45.59 28.07
45.59 28.07 45.21 29.66
48.41 22.15 49.01 22.88
49.01 22.88 49.57 22.68
49.57 22.68 50 23.32
48.15 20 48.58 21.43
48.58 21.43 47.95 22.89
40.86 20.98 41.57 24.25
41.57 24.25 41.32 25.98
41.32 25.98 41.75 26.23
41.75 26.23 41.36 26.64
41.36 26.64 40.74 26.05
36.83 40 36.67 39.24
36.67 39.24 36.83 36.66
36.83 36.66 36.24 36.69
36.24 36.69 35.93 35.92
39.81 20 39.67 20.26
39.67 20.26 40.67 21.05
40.67 21.05 42.5 20.17
42.5 20.17 42.54 20
31.32 34.22 30 34.71
41.34 22.93 42.03 22.86
42.03 22.86 42.32 22.36
42.32 22.36 43.2 23.01
43.2 23.01 43.82 22.36
43.82 22.36 44.23 22.68
31.83 35.11 31.38 34.89
31.38 34.89 31.5 35.48
31.5 35.48 31.12 35.46
31.12 35.46 30 35.1
50 37.92 49.9 38.02
32.75 35.63 31.99 35
46.55 29.9 48.01 28.88
49.9 38.02 49.62 40
41.98 28.01 42.09 27.06
42.09 27.06 41.71 26.36
33.38 38.8 33.94 40
32.24 39.3 31.94 40
47.87 39.04 47.83 39.77
47.83 39.77 48.37 39.92
47.87 39.04 47.6 38.34
47.6 38.34 47.11 38.24
48.59 39.67 49.07 40
48.46 27.52 48.07 28.46
48.46 27.52 48.26 26.63
33.09 35.1 33.25 35.62
36.2 29.26 36.03 29.6
31.22 34.27 31.6 34.49
48.01 28.88 48.07 28.46
48.59 39.67 48.37 39.92
37.84 27.03 37.65 26.97
36.49 28.12 36.47 28.5
45.43 36.69 45.14 36.53
46.55 29.9 46.42 30.13
36.77 27.31 36.56 27.43
37.5 27.05 37.25 27.18
38.32 26.22 38.11 26.3
39.39 26.12 39.4 26.44
37.06 27.15 36.93 27.35
40.04 25.59 39.81 25.68
36.64 27.73 36.63 27.91
38.7 26.35 38.48 26.31
40.4 25.85 40.25 25.63
39.08 26.69 38.88 26.59
31.81 35.26 31.81 35.26
33.25 35.67 33.21 35.67
43.9 26.04 43.93 26.07
42.33 22.37 41.94 20.63
43.12 20 42.93 20.36
42.93 20.36 42.56 20.09
39.65 44.8 39.38 44.03
39.38 44.03 38.35 44.48
38.35 44.48 37.9 44.22
37.9 44.22 35.99 45.35
35.99 45.35 35.81 46.35
35.81 46.35 33.98 45.4
33.98 45.4 32.97 46.11
32.97 46.11 32.4 47.43
32.4 47.43 31.8 47.86
31.8 47.86 31 47.69
31 47.69 31 48.04
31 48.04 30.49 48.03
30.49 48.03 30 48.58
37.32 42.21 36.83 40
36.95 60 37.54 59.34
37.54 59.34 37.94 57.45
37.94 57.45 38.28 57.21
38.28 57.21 38.09 55.44
38.09 55.44 37.44 54.68
37.44 54.68 37.35 53.9
42.22 60 42.8 58.61
42.8 58.61 42.63 58.14
42.63 58.14 42.3 58.51
42.3 58.51 42.5 58.03
42.5 58.03 41.88 56.98
41.88 56.98 41.26 57.05
41.26 57.05 41.33 56
41.52 41.53 41.58 42.83
41.58 42.83 40.93 43.67
40.93 43.67 40.11 43.66
40.11 43.66 39.63 44.81
39.65 44.79 38.84 46.17
38.84 46.17 39.72 47.98
39.72 47.98 39.38 48.36
39.38 48.36 38.84 48.02
38.84 48.02 38.45 48.88
50 48.78 49.94 48.8
49.94 48.8 50 48.62
38.88 46.54 39.56 46.54
39.56 46.54 39.98 45.6
39.98 45.6 40.23 46
40.23 46 41.3 45.02
37.11 42.36 37.38 42.79
37.38 42.79 37.32 44.12
37.32 44.12 36.97 44.32
36.97 44.32 37.15 44.79
41.9 46.45 42.71 45.16
42.71 45.16 42.56 43.96
42.56 43.96 42.9 43.39
41.9 46.45 42.71 45.16
42.71 45.16 42.56 43.96
42.56 43.96 42.9 43.39
41.9 46.45 42.71 45.16
42.71 45.16 42.56 43.96
42.56 43.96 42.9 43.39
48.25 47.14 47.81 47.15
47.81 47.15 47.42 48.55
47.42 48.55 46.78 49.03
46.78 49.03 46.67 48.48
46.67 48.48 46.35 49.22
41.33 56 41.29 55.46
41.29 55.46 42.34 54.17
42.34 54.17 41.74 52.44
49.62 40 49.61 40.13
42.9 43.39 43.55 40.68
43.55 40.68 43.4 40.01
42.9 43.39 43.55 40.68
43.55 40.68 43.4 40.01
41.3 45.02 41.05 46.52
41.05 46.52 41.9 46.45
41.9 46.45 41.2 47.77
41.2 47.77 41.84 48.59
33.94 40 34.42 41
34.42 41 36.36 41.29
36.36 41.29 37.06 42.37
31.94 40 30.38 43.66
30.38 43.66 30 43.63
39.71 44.77 39.56 45.81
39.56 45.81 38.84 46.18
50 47.26 48.42 46.5
48.42 46.5 48.25 47.14
49.07 40 49.18 40.08
30.01 47.95 30.02 47.17
30.02 47.17 30 47.16
41.3 45.02 41.11 43.49
41.3 45.02 41.11 43.49
41.33 56 45 56
45 56 45.57 58.57
45.57 58.57 45.15 59.46
37.32 42.21 37.06 42.37
49.6 40.14 49.18 40.08
40.67 45.56 40.66 45.56
41.08 45.03 41.08 45.03
41.08 45.03 41.08 45.03
30.01 47.95 30 47.98
41.01 45.21 41 45.21
33.77 79 33.41 78.94
33.41 78.94 34.35 78.99
34.35 78.99 34.64 78.31
34.64 78.31 35.52 78.01
35.52 78.01 35.82 76.17
35.82 76.17 36.67 75.86
36.67 75.86 37.14 74.4
37.14 74.4 37.41 75.19
37.41 75.19 38.47 74.86
38.47 74.86 38.61 73.82
38.61 73.82 39.44 73.65
39.44 73.65 40.52 74.86
40.52 74.86 40.35 76.35
40.35 76.35 41.01 76.87
41.01 76.87 41.04 78.08
41.04 78.08 41.93 80
44.86 80 44.9 79.86
44.9 79.86 44.93 80
30 60.98 31.02 61.85
31.02 61.85 31.38 61.71
31.38 61.71 31.5 60.84
31.5 60.84 33.07 60.58
33.07 60.58 33.52 60.94
33.52 60.94 33.64 60.53
33.64 60.53 34.13 60.51
34.13 60.51 34.32 60.92
34.32 60.92 35.63 61.29
35.63 61.29 35.25 62.72
35.25 62.72 35.86 63.12
35.86 63.12 36.26 64.47
36.26 64.47 37.12 64.79
37.12 64.79 37.57 65.78
37.57 65.78 36.92 68.02
36.92 68.02 37.34 68.89
37.34 68.89 37.1 69.29
37.1 69.29 38.47 70.95
38.47 70.95 37.9 71.59
37.9 71.59 36.68 71.68
36.68 71.68 37.46 73.31
37.46 73.31 37.24 74.91
37.03 74.57 36.46 71.63
36.46 71.63 36.05 71.19
36.05 71.19 35.2 71.66
35.2 71.66 34.55 70.99
34.55 70.99 34.06 71.09
34.06 71.09 34.04 69.91
34.04 69.91 33.33 70.33
33.33 70.33 33.03 69.51
33.03 69.51 31.93 69.33
31.93 69.33 31.21 66.72
31.21 66.72 30 66.31
33.41 78.94 32.73 79.53
32.73 79.53 32.35 78.97
32.35 78.97 32.55 78.4
32.55 78.4 31.31 78.77
31.31 78.77 31.44 79.09
31.44 79.09 30.86 80
31.6 74.59 31.07 74.69
31.07 74.69 30 73.73
35.61 61.28 36.65 61.16
36.65 61.16 36.66 60.33
36.66 60.33 36.95 60
41.23 61.38 41.38 60.14
41.38 60.14 42.2 60.06
42.2 60.06 42.22 60
35.5 77.82 34.66 76.88
34.66 76.88 34.65 73.94
34.65 73.94 34.07 73.91
34.07 73.91 33.98 74.3
33.98 74.3 33.19 74.02
33.19 74.02 32.3 75.35
37.37 66.54 38 66.64
38 66.64 40.03 62.44
37.37 66.54 38 66.64
38 66.64 40.03 62.44
41 72.19 41.56 71.69
41.56 71.69 41.12 71.42
41.12 71.42 41.53 70.19
41.53 70.19 42.19 71.27
42.19 71.27 42.25 70.97
40.43 70.35 40.15 71.71
40.15 71.71 40.82 73.17
40.82 73.17 41.01 72.2
42.25 70.97 42.69 71.18
42.69 71.18 42.84 71.87
42.84 71.87 42.41 73.52
42.41 73.52 43.04 73.58
43.04 73.58 43.27 74.2
42.81 75.68 42.8 79.19
42.8 79.19 42.33 80
40.24 70.98 39.86 69.27
39.86 69.27 39.52 69.33
39.52 69.33 39.51 70.67
41.05 68.14 40.81 68.02
40.81 68.02 40.61 68.63
40.61 68.63 41.38 69.06
41.38 69.06 42.25 70.97
39.51 70.67 39.62 71.48
39.62 71.48 39.19 72.25
39.19 72.25 39.46 73.67
39.29 67.37 39 68.11
39 68.11 38.2 68.38
38.2 68.38 37.19 67.78
40.22 69.1 40.8 69.41
40.8 69.41 40.64 69.73
40.64 69.73 41.05 70.43
41.05 70.43 40.73 70.8
39.29 67.37 39.63 67.71
39.63 67.71 39.55 68.54
39.55 68.54 40.15 68.99
40.03 62.44 41.11 61.89
41.11 61.89 41.24 61.39
43.49 62.02 43.74 64.93
43.74 64.93 42.88 65.82
42.88 65.82 43 66.12
43 66.12 42.42 66.07
43.49 62.02 43.74 64.93
43.74 64.93 42.88 65.82
42.88 65.82 43 66.12
43 66.12 42.42 66.07
32.3 75.36 31.6 74.59
43.27 74.2 42.81 75.68
40.16 71.03 39.89 71.23
39.89 71.23 40.16 71.03
44.61 60.64 43.49 62.02
42.42 66.07 42 66.03
42 66.03 42 66.53
42 66.53 41.14 67.07
41.14 67.07 41.19 67.93
39.89 70.52 39.89 70.52
40.72 70.79 40.43 70.35
40.22 69.1 40.18 68.64
39.99 71.78 39.99 71.78
41.05 68.14 41.19 67.93
41 70.59 41 70.58
40.15 68.99 40.14 68.86
41.93 80 42.06 80.28
42.06 80.28 42.66 80.17
42.66 80.17 43.16 80.82
43.16 80.82 44.73 80.52
44.73 80.52 44.86 80
44.93 80 45.35 81.69
45.35 81.69 45.13 82.56
45.13 82.56 45.57 82.32
45.57 82.32 47.21 83.04
47.21 83.04 46.83 84.76
46.83 84.76 47.06 85.52
47.06 85.52 48.39 85.76
48.39 85.76 48.54 86.6
48.54 86.6 49.11 86.87
49.11 86.87 49.17 87.84
49.17 87.84 48.57 87.98
48.57 87.98 47.89 90.07
47.89 90.07 46.95 90.92
46.95 90.92 45.2 90.89
45.2 90.89 44.96 93.53
44.96 93.53 44.3 95.41
44.3 95.41 42.73 96.38
42.73 96.38 42.69 100
49.17 87.84 50 90.05
50 94.86 49.73 97.34
49.73 97.34 50 97.79
30.86 80 30.21 81.03
30.21 81.03 30 80.73
50 84.74 49.59 85.26
49.59 85.26 49.47 86.19
49.47 86.19 49.79 86.78
49.79 86.78 49.09 87.35
42.33 80 42.2 80.23
30.2 81.02 30.34 82.1
30.34 82.1 30 82.64
42.69 100 42.68 100.8
42.68 100.8 41.58 105
41.58 105 42.47 107.5
42.47 107.5 42.43 109.3
42.43 109.3 42.78 110.4
42.78 110.4 43.69 112
43.69 112 44.38 111.4
44.38 111.4 45.09 112
45.09 112 44.75 113.6
44.75 113.6 45.39 114.5
45.39 114.5 45.46 115.7
45.46 115.7 46.58 117.4
46.58 117.4 46.71 119.9
46.71 119.9 48 118.6
48 118.6 47.65 117.4
47.65 117.4 47.92 115.6
47.92 115.6 49.93 116.6
49.93 116.6 50 116.2
50 113.8 49.6 113.1
49.6 113.1 49.14 110.7
49.14 110.7 49.34 108.6
49.34 108.6 49.95 108
50 107.7 49.94 108
49.99 119.1 50 119.1
49.83 116.7 49.51 117.9
49.51 117.9 49.99 119.1
42.42 130.6 43.01 129.9
43.01 129.9 42.44 129.7
42.44 129.7 42 128.1
42 128.1 41.38 128.2
41.38 128.2 41.74 126.7
41.74 126.7 40.9 126
40.9 126 40.09 124.4
48.27 134.7 45.12 133.1
45.12 133.1 45.35 131.9
45.35 131.9 44.84 130.9
44.84 130.9 43.39 131.3
43.39 131.3 42.91 131.1
42.91 131.1 42.72 130.4
42.72 130.4 42.3 130.7
50 127.7 49.59 127.8
49.59 127.8 49.42 129.5
49.42 129.5 48.87 130.7
48.87 130.7 47.69 131
47.69 131 48.27 134.7
38.22 127 38.31 128
38.31 128 38.62 128.4
39.83 124.1 40.1 124.4
38 126.8 38.22 127
37.83 126.7 37.7 126.1
37.83 126.7 38 126.8
38.02 124.7 37.76 124.8
38 124.7 37.76 124.8
37.66 125.6 37.66 125.8
38.02 124.7 38 124.7
48.5 -124.8 48.28 -123.2
48.28 -123.2 49 -123.3
49 -123.3 49 -120
32.54 -117.1 32.72 -114.7
32.72 -114.7 32.5 -114.8
32.5 -114.8 31.33 -111
31.33 -111 31.33 -108.2
31.33 -108.2 31.78 -108.2
31.78 -108.2 31.75 -106.4
31.75 -106.4 30.57 -104.9
30.57 -104.9 30 -104.6
49 -120 49 -109.3
49 -109.3 49 -100
49 -100 49 -95.24
49 -95.24 49.38 -95.15
49.38 -95.15 48.71 -94.54
48.71 -94.54 48.1 -90.39
42.55 -82.65 42.05 -83.17
42.05 -83.17 41.68 -82.43
41.68 -82.43 42.48 -80
48.1 -90.39 47.98 -89.36
47.98 -89.36 48.31 -88.37
48.31 -88.37 46.53 -84.13
46.53 -84.13 46.07 -83.96
46.07 -83.96 45.36 -82.54
45.36 -82.54 43.59 -82.13
43.59 -82.13 43.02 -82.42
43.01 -82.42 42.55 -82.65
42.48 -80 42.82 -78.99
42.82 -78.99 43.47 -79.19
43.47 -79.19 43.64 -78.7
43.64 -78.7 43.63 -76.8
43.63 -76.8 44.99 -74.99
44.99 -74.99 45.24 -70.88
45.24 -70.88 46.12 -70.25
47.19 -68.89 47.36 -68.31
47.36 -68.31 47.07 -67.79
47.07 -67.79 45.7 -67.8
45.7 -67.8 45.59 -67.43
46.12 -70.25 47.47 -69.23
47.47 -69.23 47.19 -68.89
45.59 -67.42 45.18 -67.2
30 -5.791 30.97 -3.627
30.97 -3.627 31.7 -3.814
31.7 -3.814 32.09 -2.854
32.09 -2.854 32.1 -1.189
32.1 -1.189 34.75 -1.747
34.75 -1.747 35.09 -2.21
41.96 -8.751 42 -6.777
42 -6.777 41.59 -6.185
41.59 -6.185 41.04 -6.931
41.04 -6.931 39.69 -7.005
39.69 -7.005 39.68 -7.547
39.68 -7.547 39.05 -6.985
39.05 -6.985 37.19 -7.413
42.71 0 43.4 -1.769
35.27 -2.915 35.33 -2.947
35.84 -5.346 35.92 -5.396
36.15 -5.364 36.15 -5.384
13.89 5.544 13.61 6.423
13.61 6.423 13 6.933
13 6.933 13.35 7.815
13.35 7.815 12.8 9.635
12.8 9.635 13.39 10.72
13.39 10.72 13.06 12.48
13.06 12.48 13.72 13.63
13.72 13.63 12.39 14.17
12.39 14.17 12.18 14.67
12.18 14.67 11.51 14.62
11.51 14.62 11.03 13.78
11.03 13.78 10 13.25
21.5 20 23.5 16
23.5 16 22.61 14.23
22.61 14.23 23.17 13.54
23.17 13.54 23.52 11.99
23.52 11.99 24.3 11.56
24.3 11.56 24.61 10.25
24.61 10.25 26.17 9.394
26.17 9.394 26.51 9.873
26.51 9.873 27.85 9.959
27.85 9.959 30 9.338
15.36 3.524 16.39 4.201
16.39 4.201 19.15 4.245
19.15 4.245 18.98 3.332
18.98 3.332 19.82 3.233
19.82 3.233 20.23 1.905
20.23 1.905 21.82 0.01556
10.27 0.3806 10 0.3253
12.39 2.844 11.69 3.606
11.69 3.606 10.59 3.855
10.59 3.855 10 3.557
13.72 13.63 14.46 13.47
14.46 13.47 16.9 15.49
16.9 15.49 20.35 16
20.35 16 21.5 15.2
21.5 15.2 23 15
10 15.67 10.53 15.13
10.53 15.13 11.98 15.08
11.98 15.08 12.83 14.56
11 0.9177 10.38 0.7767
10.38 0.7767 10 1.348
15 0.2292 13.91 0.4651
13.91 0.4651 13.35 1.285
13.35 1.285 13.05 0.9891
13.05 0.9891 12.63 1.578
12.63 1.578 12.69 2.142
12.69 2.142 11.9 2.398
11.68 2.316 11.45 1.412
11.45 1.412 11.02 1.114
11.02 1.114 11.11 0.01526
20.85 7.445 23.52 11.99
11.68 2.314 12.24 2.378
12.24 2.378 12.4 2.838
15.36 3.526 14.99 0.01068
11.69 3.604 13.48 4.143
13.48 4.143 13.89 5.545
19.15 4.246 19.45 5.812
19.45 5.812 20.85 7.452
10.27 0.3833 10.6 0.001526
12.83 14.55 13.08 14.07
10.96 0.002441 11.1 0.0006104
10.92 22.88 10 23.57
17.99 38.6 17.04 37.42
17.04 37.42 17.07 37
17.07 37 12.71 36.14
12.71 36.14 12.67 35.7
12.67 35.7 11.83 35.1
11.83 35.1 10.73 34.86
10.73 34.86 10.89 34.59
10.89 34.59 10.55 34.29
10.55 34.29 10 34.24
29.36 34.96 29.19 36.07
29.19 36.07 29.86 36.74
29.86 36.74 30 37.49
30 24.76 29.25 25
29.25 25 20 25
20 25 20 24
20 24 19.5 24
19.5 24 21.5 20
19.5 24 15.7 24
15.7 24 15.55 22.93
15.55 22.93 12.8 21.83
12.8 21.83 12.62 22.47
12.62 22.47 10.92 22.88
10.92 22.88 10.64 21.72
10.64 21.72 10 21.17
30 34.71 29.49 34.9
22 25 22 31.27
22 31.27 22.23 31.46
22.23 31.46 22 31.45
22 31.45 22 33.18
30 35.1 29.55 34.96
23.13 35.62 21.77 34.02
21.77 34.02 21.99 33.19
29.58 34.97 29.55 34.98
10 43.07 10.63 42.66
10.63 42.66 11.48 43.25
30 48.58 29.85 48.74
15.11 45.59 14.47 45.55
14.47 45.55 14.51 46.11
14.51 46.11 14.15 45.91
14.15 45.91 13.82 44.58
13.82 44.58 13.22 44.47
13.22 44.47 13.08 43.72
13.08 43.72 12.69 43.53
22.7 55.2 23.97 55.47
23.97 55.47 24.08 56.02
24.08 56.02 24.88 55.81
24.88 55.81 24.98 56.37
28.55 48.42 29.47 45.46
29.47 45.46 29.21 44.71
29.21 44.71 29.47 44
17.4 44.5 17.46 43.31
17.46 43.31 16.67 43.21
16.67 43.21 16.38 42.79
30 43.63 29.6 43.59
29.6 43.59 29.46 44
11 42.94 10.98 41.79
10.98 41.79 11.51 41.76
11.51 41.76 12.53 42.46
12.53 42.46 12.71 43.12
26.27 55.79 26.73 56.68
26.73 56.68 25.78 56.84
30 47.16 29.1 46.55
27.18 50.89 28.7 49.57
27.18 50.89 28.7 49.57
29.1 46.54 28.77 45.51
28.77 45.51 29.21 44.72
19 52 18.58 51.88
18.58 51.88 16.63 53.09
17.39 44.5 16.67 46.33
16.67 46.33 15.62 46.33
15.62 46.33 18.27 48.77
18.27 48.77 20 55
20 55 22 55.67
22 55.67 22.7 55.2
22.7 55.2 23 52
23 52 25.48 50.59
17.39 44.5 16.67 46.33
16.67 46.33 15.62 46.33
15.62 46.33 18.27 48.77
18.27 48.77 20 55
20 55 22 55.67
22 55.67 22.7 55.2
22.7 55.2 23 52
23 52 25.48 50.59
26.07 56.08 25.64 56.27
26.07 56.08 25.64 56.27
25.64 54.09 25.79 54.77
30 47.98 29.9 48.32
24.56 51.11 24.62 51.21
25.19 61.61 26.23 61.86
26.23 61.86 26.63 63.18
26.63 63.18 27.12 63.34
27.12 63.34 27.27 62.76
27.27 62.76 28.27 62.78
28.27 62.78 28.55 61.91
28.55 61.91 29.86 60.87
29.86 60.87 30 60.98
30 66.31 29.85 66.26
29.85 66.26 29.39 64.12
29.39 64.12 29.86 60.87
30 73.73 27.96 71.9
27.96 71.9 27.71 70.84
27.71 70.84 28.02 70.37
28.02 70.37 27.17 69.58
27.17 69.58 26.75 69.51
26.75 69.51 26.54 70.18
26.54 70.18 25.98 70.09
25.98 70.09 25.69 70.67
25.69 70.67 24.42 71.11
24.42 71.11 24.27 69.23
24.27 69.23 24.32 68.75
24.32 68.75 23.65 68.14
21.63 89.14 23.21 88.99
23.21 88.99 23.65 88.56
23.65 88.56 24.24 88.74
24.24 88.74 24.68 88.04
24.68 88.04 25.29 89.01
25.29 89.01 25.84 88.11
25.84 88.11 26.63 88.41
26.63 88.41 26 89.37
26 89.37 26.23 89.68
26.23 89.68 25.29 89.85
25.29 89.85 24.94 92.48
24.94 92.48 23.73 91.16
23.73 91.16 22.94 91.61
22.94 91.61 23.73 91.95
23.73 91.95 23.7 92.29
23.7 92.29 21.3 92.67
21.3 92.67 21.47 92.36
21.47 92.36 21.14 92.2
10.34 98.74 11.83 99.66
11.83 99.66 13.88 99.12
13.88 99.12 15.1 98.18
15.1 98.18 16.39 98.93
16.39 98.93 16.28 98.69
16.28 98.69 18.56 97.35
18.56 97.35 18.57 97.77
18.57 97.77 19.81 98.05
19.81 98.05 19.75 98.91
19.75 98.91 20.39 99.45
20.39 99.45 20.35 100
30 80.73 29.75 80.38
29.75 80.38 28.83 80.06
28.83 80.06 27.5 82.77
27.5 82.77 27.52 84.14
27.52 84.14 26.76 85.22
26.76 85.22 26.53 86.95
29.33 94.63 29.04 95.39
29.04 95.39 29.47 96.07
29.47 96.07 29.29 96.37
29.29 96.37 28.93 96.15
28.93 96.15 29.07 96.51
29.07 96.51 28.76 96.62
28.76 96.62 28.41 96.26
28.41 96.26 28.2 97.36
28.2 97.36 27.61 96.89
27.61 96.89 27.12 97.16
27.12 97.16 27.27 96.19
27.27 96.19 26.62 95.14
26.62 95.14 23.86 94.15
23.86 94.15 24.08 93.34
24.08 93.34 22.26 93.2
22.26 93.2 21.98 92.6
28.22 97.35 28.55 97.56
28.55 97.56 28.28 98.02
28.28 98.02 27.54 98.32
27.54 98.32 27.58 98.7
27.58 98.7 26.78 98.78
26.78 98.78 25.86 98.71
25.86 98.71 25.08 97.72
25.08 97.72 23.94 97.54
23.94 97.54 24.16 98.89
24.16 98.89 23.19 98.88
23.19 98.88 22.94 99.57
22.94 99.57 22.16 99.16
22.16 99.16 22.05 99.97
26.53 86.95 26.37 88.03
26.37 88.03 27.94 88.13
27.94 88.13 28.12 88.63
28.12 88.63 26.83 89.12
26.83 89.12 26.93 92.11
26.93 92.11 27.95 91.66
27.95 91.66 28.32 90.02
28.32 90.02 27.32 88.92
27.76 91.66 27.87 92.56
27.87 92.56 28.63 93.23
28.63 93.23 29.33 94.63
30 82.64 27.88 86.01
27.88 86.01 28.16 86.18
28.16 86.18 27.86 88.15
22.05 99.97 21.97 100
10 98.37 10.35 98.74
21.57 101.1 21.18 101.3
21.18 101.3 21.14 101.8
21.14 101.8 22.47 101.7
22.47 101.7 22.41 102.3
22.41 102.3 22.77 102.5
22.77 102.5 22.43 103
22.43 103 22.8 103.3
22.8 103.3 22.5 104
22.5 104 23.38 105.3
23.38 105.3 22.91 105.9
22.91 105.9 22.8 106.8
22.8 106.8 21.97 106.7
21.97 106.7 21.67 107.8
20.35 100 20.35 100.1
18.14 103.1 18.42 103.3
18.42 103.3 18.33 104
18.33 104 17.41 104.8
17.41 104.8 16.53 104.7
16.53 104.7 15.66 105.6
15.66 105.6 14.18 105.3
14.18 105.3 13.92 106.1
13.92 106.1 14.37 106
14.37 106 14.45 106.3
22.4 102.1 21.66 102.7
21.66 102.7 21.74 103
21.74 103 21.26 102.8
21.26 102.8 20.85 103.2
20.85 103.2 20.66 103.7
20.66 103.7 20.98 104.1
20.98 104.1 20.66 104.6
20.66 104.6 20.44 104.4
20.44 104.4 20 105
20 105 19.61 104.6
19.61 104.6 19.69 104
11.64 102.9 13.56 102.3
13.56 102.3 14.33 103.2
14.33 103.2 14.35 105.2
19.69 104 19.29 103.9
19.29 103.9 18.7 105.1
18.7 105.1 16.63 106.6
20.16 100.6 19.54 100.5
19.54 100.5 19.56 101.3
19.56 101.3 17.59 100.9
17.59 100.9 17.53 101.2
11.67 106.5 11.62 105.8
11.62 105.8 10.77 106.2
10.77 106.2 10.96 105.1
10.96 105.1 10.42 104.4
16.63 106.6 16.08 107.5
16.08 107.5 15.79 107.2
15.79 107.2 15.27 107.7
15.27 107.7 14.71 107.5
21.68 100.9 21.53 101.2
21.53 101.2 20.35 100.1
20.35 100.1 20.16 100.6
13.8 107.5 12.35 107.5
12.35 107.5 11.87 106.5
17.53 101.2 18.21 102.1
18.21 102.1 17.8 102.7
17.8 102.7 18.14 103.1
14.45 106.3 14.32 107
14.32 107 14.71 107.5
10.42 104.4 10.17 104.1
10.17 104.1 10.4 103.8
10.4 103.8 10.03 103.9
22.46 113.9 22.61 114.4
22.61 114.4 22.14 114.5
22.14 114.5 22.14 113.9
22.14 113.9 22.46 113.9
14.71 107.5 13.93 107.5
21.97 100 21.43 100.2
21.69 100.9 21.43 100.2
22.2 113.6 22.2 113.6
21.67 107.8 21.45 108.1
11.87 106.5 11.66 106.5
13.93 107.5 13.8 107.5
30 -104.6 29.6 -104.5
29.6 -104.5 29.02 -103.4
29.02 -103.4 29.89 -102.3
29.89 -102.3 29.77 -101.4
29.77 -101.4 28.14 -100
14.55 -92.25 16.07 -91.73
16.07 -91.73 16.1 -90.43
16.1 -90.43 16.42 -90.4
16.42 -90.4 17.24 -91.44
17.24 -91.44 17.26 -90.98
17.26 -90.98 17.82 -90.98
17.82 -90.98 17.82 -89.14
17.82 -89.14 15.89 -89.22
15.89 -89.22 15.89 -88.91
28.14 -100 27.57 -99.5
27.57 -99.5 26.4 -99.08
26.4 -99.08 25.97 -97.14
14.99 -83.13 14.62 -84.48
14.62 -84.48 14.81 -84.91
14.81 -84.91 13.83 -85.73
13.83 -85.73 14.07 -86.02
14.07 -86.02 13.75 -86.76
13.75 -86.76 13.3 -86.69
13.3 -86.69 13 -87.06
11.06 -85.73 10.71 -83.92
10.71 -83.92 10.93 -83.64
13.82 -87.69 13.85 -88.47
13.85 -88.47 14.43 -89.35
15.07 -89.15 14.27 -89.54
18.17 -87.74 18.49 -88.47
18.49 -88.47 17.82 -89.14
14.23 -89.52 13.75 -90.1
15.07 -89.15 15.72 -88.21
13.82 -87.69 13.41 -87.82
12.99 -87.3 13 -87.06
11.85 -71.32 11.12 -72.49
11.12 -72.49 10 -73.01
19.71 -71.75 18.04 -71.78
20.76 -17.05 21.34 -16.95
21.34 -16.95 21.34 -13
21.34 -13 22.89 -13.11
22.89 -13.11 23.45 -12
23.45 -12 26 -12
26 -12 26 -8.667
26 -8.667 28.71 -8.667
28.71 -8.667 30 -5.791
10 -5.046 10.42 -5.52
10.42 -5.52 11.42 -5.197
11.42 -5.197 11.83 -5.402
11.83 -5.402 12.31 -4.388
12.31 -4.388 13.5 -3.964
13.5 -3.964 13.28 -3.441
14.72 -12.06 16.64 -14.35
16.64 -14.35 16.52 -16.28
16.52 -16.28 16.06 -16.54
13.71 -12.08 12.99 -11.38
12.99 -11.38 12.41 -11.37
12.41 -11.37 12.68 -15.22
12.68 -15.22 12.32 -16.72
12.01 -8.797 11.37 -8.36
11.37 -8.36 10.96 -8.678
10.96 -8.678 11.01 -8.29
11.01 -8.29 10.24 -7.94
10.24 -7.94 10 -8.005
13.59 -16.56 13.83 -15.07
13.83 -15.07 13.41 -13.8
13.41 -13.8 13.24 -14.35
13.24 -14.35 13.6 -15.12
13.6 -15.12 13.06 -16.75
15.5 -5.495 15.7 -9.338
15.7 -9.338 15.44 -9.411
15.44 -9.411 15.44 -10.72
15.44 -10.72 15.11 -10.9
15.11 -10.9 15.65 -11.51
15.65 -11.51 14.73 -12.06
15.5 -5.497 16.33 -5.335
16.33 -5.335 16.51 -5.601
16.51 -5.601 25 -6.577
25 -6.577 25 -4.806
25 -4.806 27.29 -8.667
11 -2.832 10 -2.72
10.96 -15.01 11.51 -14.69
11.51 -14.69 11.72 -13.71
11.72 -13.71 12.16 -13.97
10.66 -6.647 10.15 -6.978
10.15 -6.978 10.46 -7.487
10.46 -7.487 10.17 -7.975
13.28 -3.439 14.29 -2.473
14.29 -2.473 14.19 -2.006
14.19 -2.006 14.54 -1.973
14.54 -1.973 15.09 -0.714
15.09 -0.714 15 -0.007
11.9 -10.65 12.22 -10.33
12.22 -10.33 12.25 -9.342
12.41 -11.37 12.03 -11.32
12.03 -11.32 12.22 -10.93
12.22 -10.93 11.89 -10.65
11.11 -0.002 11 -2.835
25 -4.806 21.83 -0.001
14.76 -12.25 13.71 -12.08
10.26 -6.224 10.72 -6.223
10.72 -6.223 10.67 -6.645
12.5 -9.313 12.01 -8.799
10.43 -5.52 10.26 -6.223
27.67 -13.18 27.67 -8.667
12.29 -13.7 12.15 -13.97
12.25 -9.344 12.5 -9.311
12.29 -13.69 12.68 -13.71
10.61 -0.002 10.92 -0.002
11.1 -0.005 11.14 -0.151
10.93 -0.001 10.96 -0.001
-7.055 20 -6.997 19.54
-6.997 19.54 -7.996 19.37
-7.996 19.37 -8.098 17.62
-8.098 17.62 -7.208 16.95
-7.208 16.95 -5.901 16.58
-5.901 16.58 -5.857 13.18
10 13.25 6.608 11.52
6.608 11.52 6.438 11.12
6.438 11.12 7.134 10.6
7.134 10.6 6.802 9.796
6.802 9.796 5.842 8.865
5.842 8.865 4.682 8.518
2.17 11.34 2.266 13.25
2.266 13.25 1.241 13.16
1.241 13.16 1.341 14.26
1.341 14.26 0.8309 14.47
0.8309 14.47 -0.1985 13.85
-0.1985 13.85 -0.6093 14.52
-0.6093 14.52 -1.407 14.5
-1.407 14.5 -2.496 14.11
-2.496 14.11 -2.089 13.76
-2.089 13.76 -2.438 13.48
-2.438 13.48 -2.372 12.98
-2.372 12.98 -1.822 12.65
-1.822 12.65 -2.327 12.48
-2.327 12.48 -2.333 11.57
-2.333 11.57 -3.637 11.93
-3.637 11.93 -3.507 11.5
-3.507 11.5 -3.923 11.14
9.086 20 8.964 18.99
8.964 18.99 8.673 19.13
8.673 19.13 8.04 18.59
8.04 18.59 7.985 17.71
4.777 20 5.135 19.43
5.135 19.43 4.336 18.54
4.336 18.54 3.479 18.62
2.424 18.22 -0.5373 17.72
-0.5373 17.72 -2.176 16.2
-2.176 16.2 -3.932 15.9
-3.932 15.9 -4.91 14.66
-4.91 14.66 -4.273 14.41
-4.273 14.41 -4.883 13.41
-4.883 13.41 -4.391 12.77
-4.391 12.77 -5.014 12.03
7.53 15.5 6.044 14.41
6.044 14.41 3.921 15.08
3.921 15.08 2.898 16.1
2.898 16.1 1.722 16.16
1.722 16.16 2.208 14.58
2.208 14.58 2.164 13.3
10 0.3253 9.463 0.217
9.463 0.217 9.406 0.5521
9.406 0.5521 6.588 0.6836
7.544 16.82 7.873 16.56
7.873 16.56 7.527 15.5
7.527 15.5 8.486 15.2
8.486 15.2 9.639 13.96
9.639 13.96 9.982 14.19
9.982 14.19 9.99 15.68
10 3.557 9.091 3.095
9.091 3.095 9.054 2.788
9.054 2.788 7.894 2.682
3.075 18.54 3.642 18.48
3.642 18.48 3.538 16.67
3.538 16.67 2.222 16.21
9.992 15.68 10 15.67
2.345 9.81 2.168 11.34
2.168 11.34 1.002 11.35
1.002 11.35 0.9755 9.543
10 1.348 9.995 1.355
9.995 1.355 9.044 1.619
9.044 1.619 6.281 1.8
-4.634 13.09 -5.051 12.46
-5.051 12.46 -5.724 12.53
-5.724 12.53 -5.78 12.2
6.365 2.719 7.895 2.684
7.546 16.82 7.987 17.71
-5.856 13.18 -6.052 12.38
3.074 18.54 2.427 18.22
6.1 1.203 6.592 0.6857
6.28 1.802 6.218 1.636
-8.481 28.9 -9.261 28.37
-9.261 28.37 -10 28.55
-10 22.11 -9.412 21.79
-9.412 21.79 -7.282 21.78
-7.282 21.78 -7.055 20
10 23.57 9.867 23.67
9.867 23.67 8.714 23.52
8.714 23.52 8.696 24.24
8.696 24.24 8.316 24.18
8.316 24.18 7.851 25.25
7.851 25.25 7.498 25.21
7.498 25.21 6.646 26.41
6.646 26.41 6.078 26.44
6.078 26.44 5.714 27.2
5.714 27.2 4.601 27.79
4.601 27.79 4.278 28.4
4.278 28.4 4.656 29.61
4.656 29.61 3.511 30.93
3.511 30.93 2.448 30.73
2.448 30.73 2.121 31.3
2.121 31.3 0.8257 29.96
0.8257 29.96 -1.386 29.6
-1.386 29.6 -0.9978 30.75
-0.9978 30.75 -1.001 34.02
-1.001 34.02 -2.996 37.6
-2.996 37.6 -3.504 37.61
-3.504 37.61 -4.671 39.2
10 34.24 8.577 34.12
8.577 34.12 8.434 33.2
8.434 33.2 7.794 33.05
7.794 33.05 7.659 33.72
7.659 33.72 6.682 34.7
6.682 34.7 5.37 35.31
5.37 35.31 5.319 35.84
5.319 35.84 4.521 35.95
4.521 35.95 4.376 37.04
4.376 37.04 3.612 38.12
3.612 38.12 3.407 39.56
3.407 39.56 3.723 40
-10 33.34 -9.396 32.95
-9.396 32.95 -9.733 34.33
-9.733 34.33 -10 34.42
10 21.17 9.139 20.44
9.139 20.44 9.086 20
5.017 27.45 5.381 25.54
5.381 25.54 5.025 25.29
5.025 25.29 5.116 24.39
5.116 24.39 4.592 23.43
4.592 23.43 4.819 22.89
4.819 22.89 4.127 22.33
4.127 22.33 4.41 20.59
4.41 20.59 4.777 20
-3.337 29.21 -4.449 29.42
-4.449 29.42 -4.461 29.75
-4.461 29.75 -2.976 30.84
-2.976 30.84 -2.862 30.42
-2.862 30.42 -2.399 30.57
-2.399 30.57 -2.309 29.95
-2.309 29.95 -2.802 29.74
-2.802 29.74 -2.605 29.06
-2.605 29.06 -3.334 29.21
-4.449 29.43 -6.295 29.55
-6.295 29.55 -8.191 30.77
-8.191 30.77 -8.479 28.9
4.619 35.94 4.61 34.39
4.61 34.39 3.752 33.52
3.752 33.52 3.511 32.19
3.511 32.19 3.795 31.18
3.795 31.18 3.491 30.86
4.223 34 2.502 34.94
2.502 34.94 1.669 35
1.669 35 1.113 34.53
-8.193 30.77 -9.406 32.94
-2.398 30.57 -2.076 30.89
-2.076 30.89 -1.061 30.48
4.601 34.38 5.024 35.32
5.024 35.32 4.621 35.7
-1.693 29.23 -2.739 29.03
1.114 34.53 0.2348 34
0.2367 34 -1.001 33.92
-1.384 29.6 -1.693 29.23
3.723 40 4.288 40.78
4.288 40.78 3.947 41.84
3.947 41.84 4.892 43.69
4.892 43.69 4.903 44.95
4.903 44.95 8.003 47.99
8.003 47.99 8.006 46.99
8.006 46.99 9.42 43.44
9.42 43.44 10 43.07
2.821 40.99 -0.8663 41
-0.8663 41 -1.672 41.56
3.99 41.91 2.833 40.99
6.421 99.46 6.42 100
9.528 97.88 10 98.37
2.071 109.6 1.613 109.7
1.613 109.7 0.8537 110.6
0.8537 110.6 0.9987 111.8
0.9987 111.8 1.57 112.5
1.57 112.5 1.225 113.7
1.225 113.7 1.434 114.6
1.434 114.6 4.361 115.9
4.361 115.9 4.177 117.9
6.42 100 6.42 100.1
6.42 100.1 6.711 100.2
6.711 100.2 6.502 100.8
6.502 100.8 5.631 101.1
5.631 101.1 5.743 101.8
5.743 101.8 6.235 102.1
4.59 114.1 4.019 114.6
4.019 114.6 4.896 115
4.819 115 4.314 115.3
4.314 115.3 4.903 115.1
1.311 104.1 1.278 103.6
-2.605 141 -9.102 141
-4.371 -80 -4.283 -80.13
9.568 -82.56 9.472 -82.94
9.472 -82.94 8.029 -82.9
-4.281 -80.13 -4.428 -80.48
-4.428 -80.48 -3.88 -80.15
-3.88 -80.15 -3.369 -80.37
1.438 -78.81 0.3832 -77.38
0.3832 -77.38 0.4564 -76.3
0.4564 -76.3 -0.1686 -74.82
-0.1686 -74.82 -2.431 -72.94
-2.431 -72.94 -2.132 -71.74
-2.132 -71.74 -2.627 -70.1
-2.627 -70.1 -3.78 -70.73
-3.78 -70.73 -4.224 -69.95
-4.224 -69.95 -1.181 -69.38
-1.181 -69.38 -0.1576 -70.06
-0.1576 -70.06 0.5861 -70.05
0.5861 -70.05 0.616 -69.21
-10 -66.76 -9.907 -66.63
-9.907 -66.63 -9.692 -65.39
-9.692 -65.39 -10 -65.39
-4.347 -70.04 -4.146 -70.77
-4.146 -70.77 -5.126 -72.89
-5.126 -72.89 -6.443 -73.15
-6.443 -73.15 -7.548 -74.01
-7.548 -74.01 -8.983 -72.96
-8.983 -72.96 -9.407 -73.2
-9.407 -73.2 -9.53 -72.31
-9.53 -72.31 -10 -72.19
-10 -71.73 -9.996 -71.3
-9.996 -71.3 -9.43 -70.52
-9.43 -70.52 -10 -70.56
5.232 -60.11 4.517 -60.15
4.517 -60.15 4.383 -60
10 -73.01 9.19 -73.38
9.19 -73.38 9.113 -72.77
9.113 -72.77 8.107 -72.33
8.107 -72.33 7.488 -72.47
7.488 -72.47 6.985 -71.88
6.985 -71.88 6.976 -70.12
6.976 -70.12 6.119 -69.43
6.119 -69.43 6.193 -67.45
-0.1079 -75.28 -0.1112 -75.63
-0.1112 -75.63 -0.9654 -75.22
-0.9654 -75.22 -1.544 -75.56
-1.544 -75.56 -2.573 -76.66
-2.573 -76.66 -3.423 -78.34
-3.423 -78.34 -4.996 -79.04
-4.996 -79.04 -4.371 -80
4.222 -64.64 2.478 -64.04
2.478 -64.04 2.419 -63.36
2.419 -63.36 2.151 -63.39
2.151 -63.39 0.6496 -65.52
0.6496 -65.52 0.9892 -65.59
0.9892 -65.59 0.7506 -66.31
0.7506 -66.31 1.223 -66.87
5.206 -60.73 4.947 -60.58
4.947 -60.58 4.52 -60.99
4.52 -60.99 4.032 -62.75
4.032 -62.75 3.56 -62.88
3.56 -62.88 4.222 -64.64
8.675 -77.37 7.943 -77.15
7.943 -77.15 7.525 -77.57
7.525 -77.57 7.722 -77.75
7.722 -77.75 7.229 -77.89
5.227 -60.11 5.203 -60.73
5.203 -60.73 5.944 -61.39
5.944 -61.39 6.711 -61.13
6.711 -61.13 7.057 -60.29
7.057 -60.29 7.529 -60.72
7.529 -60.72 7.847 -60.34
6.193 -67.45 4.543 -67.88
4.543 -67.88 3.397 -67.29
3.397 -67.29 2.792 -67.85
1.225 -66.87 2.144 -67.42
2.144 -67.42 1.745 -67.92
1.745 -67.92 2.02 -68.19
2.02 -68.19 1.723 -68.14
1.723 -68.14 1.714 -69.84
2.79 -67.86 2.392 -67.19
2.392 -67.19 1.222 -66.87
1.714 -69.84 1.062 -69.84
1.062 -69.84 1.038 -69.27
1.038 -69.27 0.6188 -69.21
7.845 -60.34 8.116 -60
4.383 -60 3.942 -59.52
3.942 -59.52 2.822 -59.99
2.822 -59.99 1.865 -59.75
1.865 -59.75 1.185 -58.81
1.185 -58.81 1.975 -57.32
1.975 -57.32 1.944 -56.47
1.944 -56.47 4.008 -58.05
4.008 -58.05 4.832 -57.92
4.832 -57.92 5.017 -57.29
5.017 -57.29 5.485 -57.25
1.944 -56.47 1.893 -55.9
1.893 -55.9 2.533 -55.97
2.533 -55.97 2.617 -54.95
2.617 -54.95 2.114 -54.12
2.114 -54.12 2.374 -53.75
2.374 -53.75 2.178 -52.95
2.178 -52.95 4.035 -51.68
2.33 -54.6 3.448 -54
3.448 -54 4.899 -54.49
4.899 -54.49 5.765 -53.96
8.116 -60 8.275 -59.8
8.275 -59.8 8.535 -59.99
9.482 -2.687 9.924 -3.191
9.924 -3.191 9.673 -4.681
9.673 -4.681 10 -5.046
10 -8.005 9.496 -8.138
9.496 -8.138 9.417 -7.843
9.417 -7.843 8.378 -7.646
7.56 -8.469 7 -8.28
7 -8.28 6.508 -8.606
6.508 -8.606 5.845 -7.425
5.845 -7.425 4.354 -7.525
9.036 -13.3 9.888 -12.46
9.888 -12.46 9.998 -11.21
9.998 -11.21 9.057 -10.57
9.057 -10.57 8.275 -10.7
8.38 -7.648 8.447 -8.242
8.447 -8.242 8.018 -7.948
8.018 -7.948 7.545 -8.212
7.545 -8.212 7.697 -8.67
7.697 -8.67 7.194 -9.111
7.194 -9.111 7.417 -9.305
7.418 -9.303 8.568 -9.759
8.568 -9.759 8.274 -10.7
10 -2.72 8.781 -2.585
8.488 -10.27 6.927 -11.49
8.78 -2.582 8.198 -2.488
8.198 -2.488 6.611 -3.249
6.611 -3.249 5.59 -2.764
5.589 -2.762 5.1 -2.928
5.086 -3.104 5.114 -2.882
-17.9 20 -17.82 18.92
-17.82 18.92 -17.39 18.45
-17.39 18.45 -17.43 13.98
-17.43 13.98 -16.97 13.37
-16.97 13.37 -17.25 11.77
-22 20 -22 20
-22 20 -23.98 20
-28.42 20 -28.96 19.13
-28.96 19.13 -28.91 18.18
-28.91 18.18 -28.71 17.4
-28.71 17.4 -28.03 17.06
-28.03 17.06 -28.58 16.49
-26.46 20 -28.43 20
-22.69 14.53 -23.24 14.73
-23.24 14.73 -23.15 14.46
-10 28.55 -10.65 28.7
-10.65 28.7 -11.53 28.36
-11.53 28.36 -12.38 29.03
-12.38 29.03 -12.16 29.81
-12.16 29.81 -13.45 29.8
-13.45 29.8 -13.4 29.02
-13.4 29.02 -11.57 27.2
-11.57 27.2 -12.02 26.73
-12.02 26.73 -11.9 26
-11.9 26 -11.64 25.36
-11.64 25.36 -11.19 25.33
-11.19 25.33 -11.4 24.31
-11.4 24.31 -10.87 24
-10.87 24 -11.25 22.24
-11.25 22.24 -10.37 22.31
-10.37 22.31 -10 22.11
-11.42 38.49 -11.28 37.95
-11.28 37.95 -11.73 37.46
-11.73 37.46 -11.41 35.84
-11.41 35.84 -11.58 34.63
-11.58 34.63 -12.21 34.37
-12.21 34.37 -13.34 34.57
-13.34 34.57 -14.89 35.92
-14.89 35.92 -16.02 35.81
-16.02 35.81 -16.55 35.14
-16.55 35.14 -17.14 35.29
-17.14 35.29 -15.9 34.26
-15.9 34.26 -14.57 34.52
-14.57 34.52 -14.61 33.68
-14.61 33.68 -13.62 32.68
-13.62 32.68 -12.6 33.05
-12.6 33.05 -12.36 33.55
-12.36 33.55 -10.89 33.25
-10.89 33.25 -10.56 33.7
-10.56 33.7 -10 33.34
-10 34.42 -11.56 34.96
-17.8 25.26 -17.96 27.04
-17.96 27.04 -16.96 27.83
-16.96 27.83 -16.55 28.76
-16.55 28.76 -15.97 28.93
-15.97 28.93 -15.63 30.41
-15.63 30.41 -14.98 30.21
-14.98 30.21 -14.01 33.22
-18.01 21.38 -17.9 20
-25.62 25.59 -25.83 24.68
-25.83 24.68 -25.3 23.01
-25.3 23.01 -26.63 22.06
-26.63 22.06 -26.9 20.69
-17.63 23.48 -16.17 22
-16.17 22 -13 22
-13 22 -13.01 24.02
-13.01 24.02 -10.87 23.99
-18 23.29 -18.32 20.99
-18.32 20.99 -22 20.99
-22 20.99 -22 20
-23.98 20 -24.77 20
-24.77 20 -25.46 20.68
-25.46 20.68 -26.9 20.69
-17.48 24.24 -17.59 25.04
-17.59 25.04 -19.53 26.17
-19.53 26.17 -20.51 27.72
-24.63 26.4 -23.53 27.13
-23.53 27.13 -22.19 29.38
-30 28.89 -29.91 29.17
-29.91 29.17 -29.34 29.46
-29.34 29.46 -28.61 28.7
-22.42 31.3 -24.46 32.02
-24.46 32.02 -25.65 32.02
-25.65 32.02 -26 31.88
-26 31.88 -25.91 31.13
-25.91 31.13 -26.81 30.82
-26.81 30.82 -27.31 31.53
-27.31 31.53 -27.32 31.99
-27.32 31.99 -26.81 32.01
-26.81 32.01 -26.85 32.89
-21.35 32.49 -20.6 32.5
-20.6 32.5 -20.03 33.03
-20.03 33.03 -18.94 32.7
-18.94 32.7 -18.4 33
-15.63 30.41 -16.01 30.42
-16.01 30.42 -16.71 32.98
-16.71 32.98 -17.35 33.04
-18 23.29 -18.49 23.62
-18.49 23.62 -17.8 25.27
-20.51 27.71 -21.57 28.02
-21.57 28.02 -22.07 29.26
-22.19 29.37 -22.42 31.3
-22.42 31.3 -21.35 32.49
-11.42 38.49 -10.69 40
-28.61 28.7 -28.91 27.75
-28.91 27.75 -29.64 27.01
-24.77 20 -26.46 20
-17.36 33.04 -18.41 33
-17.48 24.24 -18.02 21.37
-29.64 27.02 -30 27.21
-25.62 25.59 -24.74 25.87
-12.01 34.7 -12.01 34.7
-26.84 32.13 -25.96 31.97
-12 34.66 -12 34.66
-24.63 26.4 -24.74 25.87
-22.06 29.26 -22.19 29.37
-10.69 40 -10.48 40.44
-17.51 -69.5 -18.95 -68.98
-18.95 -68.98 -19.42 -68.44
-19.42 -68.44 -20.41 -68.76
-20.41 -68.76 -22.83 -67.88
-22.83 -67.88 -23 -67
-23 -67 -24.02 -67.34
-24.02 -67.34 -24.77 -68.56
-24.77 -68.56 -27.04 -68.32
-27.04 -68.32 -27.12 -68.81
-27.12 -68.81 -28.4 -69.65
-28.4 -69.65 -29.3 -70.03
-29.3 -70.03 -30 -69.87
-10.69 -67.7 -10 -66.76
-10 -65.39 -11.27 -65.39
-11.27 -65.39 -12.01 -64.99
-12.01 -64.99 -12.5 -64.28
-12.5 -64.28 -12.65 -63.07
-12.65 -63.07 -13.54 -61.83
-13.54 -61.83 -13.81 -60.47
-13.81 -60.47 -15.1 -60.57
-15.1 -60.57 -16.26 -60.16
-16.26 -60.16 -16.26 -60
-10 -72.19 -10 -72.19
-10 -72.19 -10 -71.73
-10 -70.56 -11.01 -70.63
-11.01 -70.63 -11.13 -68.7
-11.13 -68.7 -10.69 -67.7
-10.95 -69.57 -12.5 -68.68
-12.5 -68.68 -15.62 -69.42
-15.62 -69.42 -16.34 -68.82
-16.34 -68.82 -17.19 -69.62
-17.19 -69.62 -18.13 -69.84
-18.13 -69.84 -18.35 -70.4
-22.82 -67.18 -21.79 -66.23
-21.79 -66.23 -22.21 -64.6
-22.21 -64.6 -22.87 -64.32
-22.87 -64.32 -22 -63.94
-22 -63.94 -22 -62.81
-22 -62.81 -23.81 -61.01
-23.81 -61.01 -24.17 -60
-22.24 -62.64 -19.64 -61.74
-19.64 -61.74 -19.3 -60
-16.26 -60 -16.28 -58.33
-16.28 -58.33 -17.25 -58.4
-17.25 -58.4 -18.2 -57.46
-18.2 -57.46 -20.17 -58.16
-27.17 -53.84 -28.23 -55.76
-28.23 -55.76 -30 -57.46
-22.09 -56.49 -22.4 -55.75
-22.4 -55.75 -23.96 -55.4
-23.96 -55.4 -24.05 -54.24
-24.05 -54.24 -26.43 -54.69
-26.43 -54.69 -27.43 -55.79
-24.17 -60 -24.35 -59.48
-24.25 -59.64 -25.44 -57.55
-25.44 -57.55 -27.29 -58.6
-19.3 -60 -19.3 -59.99
-19.3 -59.99 -19.83 -58.15
-19.83 -58.15 -20.97 -57.81
-20.97 -57.81 -22.09 -57.98
-25.57 -54.6 -25.68 -53.86
-25.68 -53.86 -27.17 -53.84
-27.3 -58.6 -27.43 -55.79
-22.08 -56.49 -22.09 -57.98
-30.4 27.57 -30.66 28.1
-30.66 28.1 -30.16 28.38
-30.16 28.38 -30 28.89
-30 27.21 -30.32 27.38
-30.4 27.56 -30.32 27.38
-30 -69.87 -30.19 -69.83
-30.19 -69.83 -31.31 -70.56
-31.31 -70.56 -34.24 -69.81
-34.24 -69.81 -35.25 -70.57
-35.25 -70.57 -36.05 -70.37
-36.05 -70.37 -36.84 -71.19
-36.84 -71.19 -38.57 -70.82
-38.57 -70.82 -39.58 -71.69
-39.58 -71.69 -42.1 -71.73
-42.1 -71.73 -42.28 -72.13
-42.28 -72.13 -44.37 -71.86
-44.37 -71.86 -44.54 -71.11
-44.54 -71.11 -44.77 -72.08
-44.77 -72.08 -45.29 -71.3
-45.29 -71.3 -45.65 -71.78
-45.65 -71.78 -46.68 -71.67
-46.68 -71.67 -47.47 -72.36
-47.47 -72.36 -48.8 -72.56
-48.8 -72.56 -49.54 -73.58
-49.54 -73.58 -50 -73.43
-30 -57.46 -30.19 -57.64
-30.19 -57.64 -32.45 -58.2
-33.75 -53.38 -33.14 -53.52
-33.14 -53.52 -32.73 -53.09
-32.73 -53.09 -32.06 -53.75
-32.06 -53.75 -30.85 -55.58
-30.85 -55.58 -31.08 -56.01
-31.08 -56.01 -30.11 -56.8
-30.11 -56.8 -30.18 -57.61
-32.45 -58.2 -34.17 -58.26
-50 -73.43 -50.75 -73.17
-50.75 -73.17 -50.65 -72.29
-50.65 -72.29 -51.56 -72.44
-51.56 -72.44 -52 -71.91
-52.64 -68.62 -54.89 -68.64
