60.01 -123.8 60.96 -124.6
60.96 -124.6 60.76 -126.8
60.76 -126.8 61.47 -127.1
61.47 -127.1 62.16 -129.3
62.16 -129.3 63.81 -130.1
63.81 -130.1 64.81 -132.6
64.81 -132.6 65.98 -132.3
65.98 -132.3 65.97 -133.6
65.97 -133.6 67 -133.8
67 -133.8 67 -136.2
67 -136.2 68.9 -136.4
60.01 -123.8 60.96 -124.6
60.96 -124.6 60.76 -126.8
60.76 -126.8 61.47 -127.1
61.47 -127.1 62.16 -129.3
62.16 -129.3 63.8 -130.1
63.8 -130.1 64.81 -132.6
64.81 -132.6 65.98 -132.3
65.98 -132.3 65.97 -133.6
65.97 -133.6 67 -133.8
67 -133.8 67 -136.2
67 -136.2 68.9 -136.4
60 -120 59.94 -120
60 -120 59.94 -120
60 -139 60 -124.3
60 -124.3 60 -120
60 -139 60 -124.3
60 -124.3 60 -120
59.94 -120 53.53 -119.9
53.53 -119.9 50.56 -115
50.56 -115 50 -114.7
59.94 -120 53.53 -119.9
53.53 -119.9 50.56 -115
50.56 -115 50 -114.7
60 -120 60 -109.6
60 -109.6 60 -100
60 -120 60 -109.6
60 -109.6 60 -100
50 -101.4 60 -102
50 -101.4 60 -102
50 -110 60 -110
50 -110 60 -110
60 -100 60 -94.8
60 -100 60 -94.8
50 -95.15 52.82 -95.15
52.82 -95.15 56.84 -88.94
50 -95.15 52.82 -95.15
52.82 -95.15 56.84 -88.94
52.9 -63.55 53.12 -63.77
53.12 -63.77 52.85 -64.17
52.85 -64.17 51.56 -64.59
51.56 -64.59 52.17 -65.11
52.17 -65.11 52.18 -66.41
52.18 -66.41 52.88 -66.27
52.88 -66.27 52.7 -67.07
52.7 -67.07 53.33 -66.9
53.33 -66.9 54.05 -67.78
54.05 -67.78 54.57 -67.6
54.57 -67.6 54.62 -67.04
54.62 -67.04 55.07 -67.43
55.07 -67.43 54.79 -66.61
54.79 -66.61 55.33 -66.84
55.33 -66.84 54.71 -65.69
54.71 -65.69 54.6 -63.72
54.6 -63.72 55.33 -63.09
55.33 -63.09 56.42 -64.17
56.42 -64.17 57.73 -63.59
57.73 -63.59 58.09 -64.43
58.09 -64.43 58.77 -63.48
58.77 -63.48 58.93 -64.88
58.93 -64.88 59.01 -64.29
59.01 -64.29 60.05 -64.91
60.05 -64.91 60.37 -64.4
60.37 -64.4 60.05 -64.91
60.05 -64.91 59.01 -64.29
59.01 -64.29 58.93 -64.88
58.93 -64.88 58.77 -63.48
58.77 -63.48 58.09 -64.43
58.09 -64.43 57.73 -63.59
57.73 -63.59 56.42 -64.17
56.42 -64.17 55.33 -63.09
55.33 -63.09 54.6 -63.72
54.6 -63.72 54.71 -65.69
54.71 -65.69 55.33 -66.84
55.33 -66.84 54.79 -66.61
54.79 -66.61 55.07 -67.43
55.07 -67.43 54.62 -67.04
54.62 -67.04 54.57 -67.6
54.57 -67.6 54.05 -67.78
54.05 -67.78 53.33 -66.9
53.33 -66.9 52.7 -67.07
52.7 -67.07 52.88 -66.27
52.88 -66.27 52.18 -66.41
52.18 -66.41 52.17 -65.11
52.17 -65.11 51.56 -64.59
51.56 -64.59 52.85 -64.17
52.85 -64.17 53.12 -63.77
53.12 -63.77 52.9 -63.55
52.77 -63.6 52.48 -64.08
52.48 -64.08 52 -63.75
52 -63.75 52 -60
52.77 -63.6 52.48 -64.08
52.48 -64.08 52 -63.75
52 -63.75 52 -60
51.18 -79.54 50 -79.55
51.18 -79.54 50 -79.55
51.46 -79.55 51.19 -79.54
51.46 -79.55 51.19 -79.54
60.4 -64.87 60.31 -64.52
60.4 -64.87 60.31 -64.52
52 -60 52 -57.1
52 -57.1 51.42 -57.1
52 -60 52 -57.1
52 -57.1 51.42 -57.1
45.75 -120 45.57 -122.3
45.57 -122.3 46.19 -123.1
46.19 -123.1 46.28 -124.1
46.28 -124.1 46.19 -123.1
46.19 -123.1 45.57 -122.3
45.57 -122.3 45.75 -120
42 -120 39.01 -120
39.01 -120 39.01 -120
42 -120 39.01 -120
39.01 -120 39.01 -120
42 -124.2 42 -120
42 -124.2 42 -120
33 -103.1 36.5 -103
36.5 -103 36.5 -100
36.5 -100 34.58 -100
34.58 -100 34.58 -100
50 -114.7 49 -114.1
50 -114.7 49 -114.1
31.33 -109 41 -109
41 -109 41 -111.1
41 -111.1 45 -111.1
45 -111.1 45 -104
45 -104 49.01 -104
31.33 -109 41 -109
41 -109 41 -111.1
41 -111.1 45 -111.1
45 -111.1 45 -104
45 -104 49.01 -104
49 -116 47.44 -115.7
47.44 -115.7 46.67 -114.3
46.67 -114.3 45.57 -114.5
45.57 -114.5 45.61 -113.8
45.61 -113.8 44.37 -112.8
44.37 -112.8 44.76 -111.4
44.76 -111.4 44.5 -111.1
49 -116 47.44 -115.7
47.44 -115.7 46.67 -114.3
46.67 -114.3 45.57 -114.5
45.57 -114.5 45.61 -113.8
45.61 -113.8 44.37 -112.8
44.37 -112.8 44.76 -111.4
44.76 -111.4 44.5 -111.1
37 -114 37 -100
37 -114 37 -100
41 -109.1 41 -102
41 -102 37 -102
41 -109.1 41 -102
41 -102 37 -102
46 -116.9 45.75 -120
45.75 -120 46 -116.9
42 -117 44.48 -117.2
44.48 -117.2 45.61 -116.5
45.61 -116.5 46.37 -117
46.37 -117 49 -117
42 -117 44.48 -117.2
44.48 -117.2 45.61 -116.5
45.61 -116.5 46.37 -117
46.37 -117 49 -117
39.01 -120 35 -114.6
39.01 -120 35 -114.6
42 -120 42 -111.1
42 -120 42 -111.1
42 -114 36.2 -114
36.2 -114 36.09 -114.7
36.09 -114.7 35.34 -114.6
42 -114 36.2 -114
36.2 -114 36.09 -114.7
36.09 -114.7 35.34 -114.6
34.58 -100 36.5 -100
36.5 -100 36.5 -103
36.5 -103 33 -103.1
41 -104 45 -104
41 -104 45 -104
31.33 -108.8 30 -108.7
34.74 -114.5 34.28 -114.1
34.28 -114.1 32.72 -114.7
34.74 -114.5 34.28 -114.1
34.28 -114.1 32.72 -114.7
45.94 -104 45.94 -100
45.94 -104 45.94 -100
40 -102 40 -100
40 -102 40 -100
49 -101.4 50 -101.4
49 -101.4 50 -101.4
43 -104 43 -100
43 -104 43 -100
49 -110 50 -110
49 -110 50 -110
31.78 -106.5 32 -106.7
32 -106.7 32 -103.1
32 -103.1 33 -103.1
33 -103.1 32 -103.1
32 -103.1 32 -106.7
32 -106.7 31.78 -106.5
35.34 -114.6 34.81 -114.6
35.34 -114.6 34.81 -114.6
32.51 -114.8 32.25 -115
31.97 -115 32.25 -115
36.5 -103 37 -103
36.5 -103 37 -103
34.81 -114.6 34.74 -114.5
34.81 -114.6 34.74 -114.5
49 -114.1 49 -114.1
34.58 -100 34.58 -100
40.38 -91.44 39.72 -91.38
39.72 -91.38 38.84 -90.13
38.84 -90.13 38.23 -90.36
38.23 -90.36 36.96 -89.12
36.96 -89.12 33.72 -91.23
33.72 -91.23 32.32 -90.91
32.32 -90.91 31 -91.65
31 -91.65 31 -89.73
31 -89.73 30.19 -89.52
40.38 -91.44 39.72 -91.38
39.72 -91.38 38.84 -90.13
38.84 -90.13 38.23 -90.36
38.23 -90.36 36.96 -89.12
36.96 -89.12 33.72 -91.23
33.72 -91.23 32.32 -90.91
32.32 -90.91 31 -91.65
31 -91.65 31 -89.73
31 -89.73 30.19 -89.52
34.58 -100 34.21 -99.17
34.21 -99.17 33.72 -97.13
33.72 -97.13 33.96 -95.23
33.96 -95.23 33.55 -94.05
34.58 -100 33.72 -97.14
33.72 -97.14 33.96 -95.23
33.96 -95.23 33.55 -94.05
40.64 -80.52 39.62 -80.88
39.62 -80.88 39 -82.04
39 -82.04 38.44 -82.32
38.44 -82.32 39.14 -84.73
39.14 -84.73 38.69 -85.18
40.64 -80.52 39.62 -80.88
39.62 -80.88 39 -82.04
39 -82.04 38.44 -82.32
38.44 -82.32 39.14 -84.73
39.14 -84.73 38.69 -85.18
38 -80 37.52 -80.28
37.52 -80.28 37.29 -80.95
37.29 -80.95 37.29 -81.84
37.29 -81.84 38.42 -82.59
36.5 -89.43 36.53 -80
36.5 -89.43 36.53 -80
37 -100 37 -94.62
37 -94.62 39.13 -94.62
37 -100 37 -94.62
37 -94.62 39.13 -94.62
43 -98.49 42.49 -96.39
42.49 -96.39 40.72 -95.87
40.72 -95.87 39.12 -94.62
43 -98.49 42.49 -96.39
42.49 -96.39 40.72 -95.87
40.72 -95.87 39.12 -94.62
40.6 -95.76 40.39 -91.38
40.39 -91.38 41.4 -91.04
41.4 -91.04 41.99 -90.14
41.99 -90.14 43.08 -91.16
40.6 -95.76 40.39 -91.38
40.39 -91.38 41.4 -91.04
41.4 -91.04 41.99 -90.14
41.99 -90.14 43.08 -91.16
38.69 -85.18 37.96 -86.05
37.96 -86.05 38.2 -86.37
38.2 -86.37 37.85 -86.63
37.85 -86.63 37.92 -87.92
37.92 -87.92 37.07 -88.48
37.07 -88.48 36.98 -89.13
38.69 -85.18 37.96 -86.05
37.96 -86.05 38.2 -86.37
38.2 -86.37 37.85 -86.63
37.85 -86.63 37.92 -87.92
37.92 -87.92 37.07 -88.48
37.07 -88.48 36.98 -89.13
38.08 -80 37.43 -80.45
37.43 -80.45 37.21 -81.62
37.21 -81.62 37.54 -81.97
33.65 -94.48 36.5 -94.62
36.5 -94.62 36.5 -90.16
36.5 -90.16 35.99 -90.38
35.99 -90.38 36 -89.73
49.38 -95.15 50 -95.15
49.38 -95.15 50 -95.15
35 -86.83 35.02 -88.2
35.02 -88.2 30.39 -88.4
35 -86.83 35.02 -88.2
35.02 -88.2 30.39 -88.4
33.55 -94.04 31.99 -94.04
31.99 -94.04 31.04 -93.51
31.04 -93.51 30 -93.78
36.61 -81.66 34.99 -84.32
36.61 -81.66 34.99 -84.32
30 -93.78 31.04 -93.51
31.04 -93.51 31.99 -94.04
31.99 -94.04 33.55 -94.04
35 -83.1 35.17 -81.34
35.17 -81.34 34.88 -80
35 -83.1 35.17 -81.34
35.17 -81.34 34.88 -80
30.72 -81.51 30.82 -81.96
30.82 -81.96 30.36 -82.17
30.36 -82.17 30.92 -84.96
43.5 -96.45 47.92 -97
43.5 -96.45 47.92 -97
30.72 -81.51 30.82 -81.96
30.82 -81.96 30.36 -82.17
30.36 -82.17 30.92 -84.96
38.42 -82.59 37.54 -81.96
37.54 -81.96 36.6 -83.67
46.58 -90.41 45.93 -88.12
45.93 -88.12 45.1 -87.6
46.58 -90.41 45.93 -88.12
45.93 -88.12 45.1 -87.6
32.05 -85.06 35 -85.62
33.66 -82.2 32.03 -80.89
33.66 -82.2 32.03 -80.89
32.05 -85.06 35 -85.62
41.76 -86.83 41.76 -84.8
41.76 -84.8 39.1 -84.82
41.76 -86.83 41.76 -84.8
41.76 -84.8 39.1 -84.82
37 -94.62 36.5 -94.62
36.5 -94.62 36.5 -90.16
36.5 -90.16 35.99 -90.38
35.99 -90.38 36 -89.73
39.36 -87.53 37.8 -88.05
39.36 -87.53 37.8 -88.05
45.94 -100 45.94 -96.56
45.94 -100 45.94 -96.56
43 -96.51 43.5 -96.6
43.5 -96.6 43.5 -91.22
43 -96.51 43.5 -96.6
43.5 -96.6 43.5 -91.22
35 -84.58 35 -83.1
35 -83.1 34.7 -83.35
34.7 -83.35 34.36 -82.82
35 -84.58 35 -83.1
35 -83.1 34.7 -83.35
34.7 -83.35 34.36 -82.82
39.72 -80 39.72 -80.52
39.72 -80.52 41.98 -80.52
41.98 -80.52 39.72 -80.52
39.72 -80.52 39.72 -80
33.65 -94.48 36.5 -94.62
46.75 -91.92 45.71 -92.89
45.71 -92.89 44.75 -92.82
44.75 -92.82 45.71 -92.89
45.71 -92.89 46.75 -91.92
40 -100 40 -95.3
40 -100 40 -95.3
30.28 -87.51 31 -87.61
31 -87.61 31 -85.01
30.28 -87.51 31 -87.61
31 -87.61 31 -85.01
41.71 -87.52 39.35 -87.53
41.71 -87.52 39.35 -87.53
43 -100 43 -98.49
43 -100 43 -98.49
37.54 -81.96 36.6 -83.67
42.49 -87.8 42.51 -90.64
42.49 -87.8 42.51 -90.64
47.92 -97 49 -97.22
47.92 -97 49 -97.22
34.36 -82.81 33.66 -82.2
34.36 -82.81 33.66 -82.2
45.1 -87.6 45.45 -87.11
45.45 -87.11 45.25 -86.27
45.1 -87.6 45.45 -87.11
45.45 -87.11 45.25 -86.27
33.01 -94.04 33.01 -91.18
33.01 -94.04 33.01 -91.18
31.63 -85.06 30.92 -84.96
31.63 -85.06 30.92 -84.96
44.42 -92.12 43.92 -91.35
44.42 -92.12 43.92 -91.35
41.74 -83.47 41.7 -84.8
41.74 -83.47 41.7 -84.8
35 -86.83 35 -84.58
35 -86.83 35 -84.58
43.08 -91.16 43.72 -91.27
43.08 -91.16 43.72 -91.27
43 -96.5 42.51 -96.48
43 -96.5 42.51 -96.48
35 -90.3 35 -88.19
35 -90.3 35 -88.19
31.63 -85.06 32.06 -85.06
31.63 -85.06 32.06 -85.06
42.84 -87.04 42.38 -87.08
42.84 -87.04 42.38 -87.08
44.42 -92.13 44.61 -92.6
44.42 -92.13 44.61 -92.6
45.02 -86.61 44.76 -86.8
45.02 -86.61 44.76 -86.8
43.51 -87.17 43.21 -87.15
43.51 -87.17 43.21 -87.15
44.75 -92.82 44.61 -92.59
44.75 -92.82 44.61 -92.59
47.39 -89.9 47.16 -90.05
47.39 -89.9 47.16 -90.05
44.3 -86.97 44.09 -87.04
44.3 -86.97 44.09 -87.04
36.5 -94.62 37 -94.62
43.78 -91.26 43.92 -91.35
43.78 -91.26 43.92 -91.35
41.77 -87.08 41.76 -87.34
41.77 -87.08 41.76 -87.34
47.3 -90.51 47.26 -90.76
47.3 -90.51 47.26 -90.76
47.03 -91.27 46.92 -91.51
47.03 -91.28 46.92 -91.51
48 -89.51 47.86 -89.6
48 -89.51 47.86 -89.6
42.49 -87.04 42.49 -87.23
42.49 -87.04 42.49 -87.23
47.29 -89.96 47.29 -90.09
47.29 -89.96 47.29 -90.09
41.84 -87.22 41.77 -87.23
41.77 -87.47 41.74 -87.53
41.77 -87.47 41.74 -87.53
41.84 -87.22 41.77 -87.23
43.78 -91.26 43.73 -91.27
43.78 -91.26 43.73 -91.27
36.5 -89.56 36.5 -89.49
36.5 -89.56 36.5 -89.49
34.58 -100 34.58 -100
39.33 -77.74 39.45 -78.34
39.45 -78.34 38.42 -79.29
38.42 -79.29 38.59 -79.65
38.59 -79.65 38 -80
36.53 -80 36.55 -75.83
36.53 -80 36.55 -75.83
39.33 -77.74 39.46 -78.33
39.46 -78.33 38.42 -79.29
38.42 -79.29 38.59 -79.65
38.59 -79.65 38.08 -80
46.81 -79.16 45.46 -76.35
45.46 -76.35 45.57 -74.4
45.57 -74.4 45 -74.68
46.81 -79.16 45.46 -76.35
45.46 -76.35 45.57 -74.4
45.57 -74.4 45 -74.68
42.88 -70.82 42.75 -73.25
42.75 -73.25 45.01 -73.35
42.88 -70.82 42.75 -73.25
42.75 -73.25 45.01 -73.35
34.88 -80 34.81 -79.67
34.81 -79.67 33.86 -78.55
34.88 -80 34.81 -79.67
34.81 -79.67 33.86 -78.55
50 -79.55 47.44 -79.58
47.44 -79.58 46.82 -79.16
50 -79.55 47.44 -79.58
47.44 -79.58 46.82 -79.16
42.27 -79.76 42 -79.76
42 -79.76 42 -75.34
42 -75.34 41.37 -74.7
41.37 -74.7 40.68 -75.19
42.27 -79.76 42 -79.76
42 -79.76 42 -75.34
42 -75.34 41.37 -74.7
41.37 -74.7 40.68 -75.19
45.02 -71.49 42.73 -72.46
45.02 -71.49 42.73 -72.46
37.92 -76.18 38.34 -77.25
38.34 -77.25 38.91 -77.06
37.92 -76.18 38.34 -77.25
38.34 -77.25 38.91 -77.06
39.53 -78.57 39.61 -77.85
39.61 -77.85 38.9 -77.06
39.53 -78.57 39.61 -77.85
39.61 -77.85 38.9 -77.06
39.72 -75.77 39.72 -80
39.72 -80 39.72 -75.77
39.46 -75.55 40.15 -74.73
40.15 -74.73 40.68 -75.2
40.68 -75.2 40.15 -74.73
40.15 -74.73 39.46 -75.55
45.3 -71.08 43.08 -70.74
45.3 -71.08 43.08 -70.74
47.29 -69.06 47.92 -68.37
47.92 -68.37 48 -66.85
47.3 -69.06 47.92 -68.37
47.92 -68.37 48 -66.85
38.45 -75.04 38.45 -75.71
38.45 -75.71 39.72 -75.79
39.72 -75.79 39.81 -75.42
38.45 -75.04 38.45 -75.71
38.45 -75.71 39.72 -75.79
39.72 -75.79 39.81 -75.42
39.72 -79.48 39.2 -79.49
39.2 -79.49 39.53 -78.57
39.72 -79.48 39.2 -79.49
39.2 -79.49 39.53 -78.57
42.05 -73.48 42.03 -71.8
42.03 -71.8 41.32 -71.84
42.05 -73.48 42.03 -71.8
42.03 -71.8 41.32 -71.84
42.75 -73.25 41.01 -73.65
42.75 -73.25 41.01 -73.65
41.35 -74.7 40.98 -73.89
40.98 -73.89 40.49 -74.25
40.49 -74.25 40.5 -73.9
41.35 -74.7 40.98 -73.89
40.98 -73.89 40.49 -74.25
40.49 -74.25 40.5 -73.9
42.01 -71.8 41.51 -71.13
42.01 -71.8 41.51 -71.13
38.04 -75.23 37.96 -76.06
38.04 -75.23 37.96 -76.06
45.18 -67.21 44.77 -66.94
48.02 -66.08 48.03 -66.61
48.02 -66.08 48.03 -66.61
38.79 -77.04 38.94 -77.12
38.79 -77.04 38.94 -77.12
45.99 -64.04 45.83 -64.27
45.99 -64.04 45.83 -64.27
46.25 -63.87 46.17 -63.67
46.25 -63.87 46.17 -63.67
45.8 -62.68 45.78 -62.5
45.8 -62.68 45.78 -62.5
27.67 -100 27.24 -100.8
27.24 -100.8 26.77 -100.6
26.77 -100.6 26.37 -101.2
26.37 -101.2 25.19 -100.2
25.19 -100.2 25.18 -100.8
25.18 -100.8 24.53 -100.8
24.53 -100.8 23.24 -102.3
23.24 -102.3 22.49 -101.9
22.49 -101.9 22.49 -101.3
22.49 -101.3 20.39 -102.1
22.82 -100 22.83 -100
22.83 -100 23.36 -100.1
23.36 -100.1 23.42 -100
21.23 -100 20.69 -100.6
20.69 -100.6 19.88 -100.1
19.88 -100.1 18.86 -100.6
18.86 -100.6 18.39 -100.3
18.39 -100.3 18.57 -100
21.85 -101.5 21.76 -102.7
21.76 -102.7 21.05 -103.1
21.05 -103.1 21.23 -103.8
21.23 -103.8 22.29 -103.1
22.29 -103.1 22.51 -103.4
22.51 -103.4 22.08 -103.7
22.08 -103.7 22.58 -103.7
22.58 -103.7 22.18 -103.9
22.18 -103.9 22.76 -104
22.76 -104 22.37 -103.9
22.37 -103.9 22.27 -104.3
20.2 -100.3 19.9 -100.5
19.9 -100.5 20.4 -102
20.4 -102 20.15 -102.9
20.15 -102.9 19.4 -102.6
19.4 -102.6 18.98 -103.4
26.95 -108.5 26.95 -108
26.95 -108 26.2 -107.8
26.2 -107.8 26.11 -107.4
26.11 -107.4 24.32 -106.5
24.32 -106.5 24.21 -106
24.21 -106 23.05 -105.4
23.05 -105.4 22.47 -105.7
24.7 -102.8 25.27 -103.5
25.27 -103.5 26.29 -103.3
26.29 -103.3 26.73 -103.8
26.73 -103.8 26.35 -104.6
26.35 -104.6 26.84 -106
26.84 -106 25.79 -106.5
25.79 -106.5 25.61 -107.1
22.32 -104.3 24.07 -103.9
24.07 -103.9 24.48 -103.3
24.48 -103.3 24.45 -102.5
24.45 -102.5 25.12 -102.7
25.12 -102.7 24.6 -100.9
24.6 -100.9 23.22 -100.4
23.22 -100.4 23.24 -100.1
23.07 -105.4 22.92 -104.9
22.92 -104.9 22.55 -105
22.55 -105 22.45 -104.3
22.45 -104.3 21.37 -103.9
21.37 -103.9 20.71 -104.3
20.71 -104.3 21.02 -104.8
21.02 -104.8 20.7 -105.3
30 -108.7 28.29 -108.6
28.29 -108.6 28.18 -109.1
28.18 -109.1 26.91 -108.5
26.91 -108.5 26.26 -109.2
18.86 -100.6 18.35 -100.6
18.35 -100.6 18.59 -101.6
18.59 -101.6 18.26 -101.9
19.94 -100.1 20.07 -100
21.86 -101.5 21.47 -100
22.01 -101.8 22.46 -102.3
22.46 -102.3 21.73 -102.7
19.15 -104.6 19.48 -103.6
19.48 -103.6 18.97 -103.5
26.67 -103.6 27.87 -104
27.87 -104 28.99 -103.3
18.97 -103.3 18.69 -103.7
18.26 -101.9 17.92 -102.2
28 -114.2 28 -112.7
25.07 -102.7 24.7 -102.8
27.77 -99.81 27.67 -100
20.43 -98.1 20.79 -97.73
20.79 -97.73 20.19 -97.71
20.19 -97.71 20.14 -97.14
20.14 -97.14 19.59 -97.44
19.59 -97.44 19.26 -97
19.26 -97 18.77 -97.35
18.77 -97.35 18.38 -96.73
18.38 -96.73 17.89 -98.35
17.89 -98.35 17.02 -98
17.02 -98 16.32 -98.56
21.4 -98.51 22.26 -98.37
22.26 -98.37 22.82 -100
23.42 -100 23.89 -99.45
23.89 -99.45 24.53 -99.73
24.53 -99.73 25.42 -98.44
25.42 -98.44 26.04 -98.58
26.04 -98.58 26.08 -99.11
26.08 -99.11 26.66 -99.63
26.66 -99.63 27.67 -99.72
16.07 -90.99 15.52 -91.33
15.52 -91.33 14.81 -91.13
14.81 -91.13 15.3 -89.25
15.3 -89.25 15.07 -89.15
13.81 -87.6 14.9 -87.25
14.9 -87.25 15.2 -87.92
15.2 -87.92 15.92 -87.73
21.41 -99.79 21.23 -100
18.57 -100 18.77 -99.65
18.77 -99.65 17.89 -98.35
14.26 -90.57 15.26 -90.87
15.26 -90.87 15.27 -90.49
15.27 -90.49 15.75 -90.82
15.75 -90.82 16.08 -90.45
10 -84.12 10.19 -83.92
15.01 -86.94 14.39 -86.69
14.39 -86.69 13.6 -87.2
13.6 -87.2 13.71 -86.76
12.64 -86.29 13.9 -84.84
13.9 -84.84 14.6 -85.02
17.26 -91.44 17.89 -91.82
17.89 -91.82 17.36 -92.76
17.36 -92.76 17.99 -93.26
17.99 -93.26 17.38 -93.62
17.38 -93.62 18.21 -94.14
10 -84 10.77 -83.75
10 -84.66 10.33 -84.82
10.33 -84.82 10 -85.06
13.93 -90.63 14.52 -90.13
14.52 -90.13 13.8 -90.24
21.27 -99.04 21.4 -98.52
21.4 -98.52 21.08 -98.13
21.08 -98.13 20.5 -98.57
20.5 -98.57 20.64 -98.03
20.64 -98.03 19.67 -98.14
12.47 -86.34 12.8 -85.08
12.8 -85.08 11.87 -84.68
30 -93.78 29.71 -93.85
29.71 -93.85 30 -93.78
14.57 -88.3 14.93 -88.64
14.93 -88.64 14.22 -88.96
10.14 -83.94 10 -83.42
14.08 -87.6 14.41 -87.84
14.41 -87.84 13.99 -88.2
17.38 -93.59 17.22 -94.97
17.22 -94.97 17.73 -95.21
17.73 -95.21 17.52 -95.79
17.52 -95.79 18.11 -95.85
18.11 -95.85 18.68 -96.67
18.68 -96.67 18.43 -96.75
11.63 -85.1 11.87 -84.68
11.87 -84.68 10.94 -83.72
19.67 -98.14 19.31 -97.63
19.31 -97.63 19.09 -98.19
19.09 -98.19 19.58 -98.71
19.58 -98.71 19.67 -98.15
14.43 -91.11 14.74 -91.47
14.74 -91.47 14.12 -91.66
15.55 -86.37 15.44 -87.35
15.44 -87.35 15.72 -87.77
20.07 -100 20.27 -99.81
20.27 -99.81 19.59 -98.66
10.31 -84.79 10.91 -85.44
10.91 -85.44 11.06 -85.22
14.79 -87.99 14.47 -88.46
14.47 -88.46 13.97 -88.5
21.47 -100 21.42 -99.79
21.42 -99.79 21.64 -99.2
21.64 -99.2 21.16 -99.04
15.38 -86.25 14.76 -87.25
16.09 -90.44 15.89 -89.22
15.08 -84.99 15.63 -85.7
15.63 -85.7 15.38 -86.25
15.38 -86.25 15.77 -86.42
14.49 -90.89 14.04 -91.53
14.4 -89.32 14.04 -89.43
14.04 -89.43 13.96 -88.85
14.53 -92.02 15.16 -91.52
17.11 -88.61 16.41 -89.18
12.97 -86.13 13.35 -86.25
13.35 -86.25 13.83 -85.74
17.34 -89.14 17.5 -88.59
17.5 -88.59 17.11 -88.61
17.11 -88.61 17.12 -88.29
13.21 -86.7 12.46 -87.12
18.67 -99.5 19.54 -99.12
19.54 -99.12 18.99 -98.67
14.71 -91.51 14.49 -92.16
15.16 -89.88 14.42 -89.49
13.68 -88.49 13.17 -88.11
14.92 -88.03 15.5 -88.49
14.39 -86.69 14.04 -85.54
19.48 -98.63 18.43 -98.67
18.43 -98.67 18.37 -99.05
12.38 -84.98 12.05 -85.66
14.05 -89.27 13.41 -89.14
13.86 -88.49 13.25 -88.81
11.76 -86.5 12.31 -85.89
15.86 -89.4 15.18 -89.61
13.17 -88.09 13.9 -87.95
13.51 -89.61 13.76 -89.44
13.76 -89.44 13.91 -89.72
15.16 -89.97 15.26 -90.5
14.74 -91.47 15.26 -91.32
13.66 -87.2 13.74 -87.43
13.74 -87.43 13.37 -87.38
13.5 -86.04 13.46 -86.73
13.34 -85.51 12.78 -85.12
13.55 -88.01 13.91 -88.26
14.78 -90.76 14.47 -90.65
13.35 -86.25 13.26 -86.75
13.66 -89.95 14.04 -89.74
17.95 -88.16 17.9 -88.55
17.9 -88.55 17.47 -88.64
17.82 -90.98 18.02 -91.98
18.02 -91.98 18.66 -92.48
14.89 -90.39 14.51 -90.29
14.54 -88.7 14.71 -89.13
12.15 -86.02 11.52 -86.18
17.82 -89.43 19.65 -89.42
19.65 -89.42 20.86 -90.41
13.66 -88.9 13.26 -88.83
15.21 -91.59 15.44 -92.11
15.99 -85 14.74 -84.99
14.92 -88.64 15.3 -88.76
22.42 -98.62 22.27 -97.78
13.66 -88.99 13.94 -88.94
10.78 -84.16 10 -84.2
17.15 -93.87 16.04 -94.06
13.06 -86.64 12.9 -86.26
13.71 -89.02 14.07 -89.14
14.78 -89.74 14.91 -89.19
11.61 -86.09 11.72 -85.76
13.75 -88.85 13.74 -88.53
13.68 -87.44 13.82 -87.69
20.27 -99.83 21.15 -99.29
12.12 -85.78 12.55 -85.94
14.41 -87.84 14.63 -88.06
19.65 -89.42 20.66 -87.75
20.66 -87.75 21.5 -87.54
16.7 -88.78 16.54 -88.39
15.02 -87.74 14.82 -87.97
14.58 -89.69 14.43 -90.05
12.31 -86.55 12 -86.67
14.83 -91.09 14.53 -91.12
14.67 -90.21 14.88 -89.83
13.78 -89.46 14.03 -89.37
14.91 -91.18 14.82 -91.43
13.49 -89.14 13.64 -89.06
17.96 -88.29 18.24 -88.6
19.14 -99.29 19.09 -98.96
21.15 -99.29 21.16 -99.03
11.86 -86.07 11.95 -86.28
13.99 -88.75 14.01 -88.66
11.04 -85.17 11.1 -85.17
11.85 -71.32 11.12 -72.49
11.12 -72.49 10 -73.01
10 -74.83 11.13 -74.86
10 -69.11 10.15 -69.24
10.15 -69.24 10.7 -68.92
10.7 -68.92 10.52 -70.39
10 -67.44 10.46 -67.87
10 -74.06 10.08 -74.08
10.08 -74.08 10.46 -73.65
10.46 -73.65 11.27 -73.54
10 -75.46 10.14 -75.56
10 -68.59 10.13 -68.24
10.13 -68.24 10 -68.05
10.14 -65.43 10 -66.93
10 -66.93 10.54 -67.39
10 -63.94 10.08 -63.95
10.08 -63.95 10.23 -62.64
18.06 -77.96 18.24 -77
10.31 -70.7 10 -70.7
10.43 -72.91 10.92 -73.63
18 -76.26 17.93 -76.66
10.42 -67.22 10.62 -66.31
10 -68.37 10.59 -68.26
10.59 -68.26 10.66 -68.89
10.52 -70.39 10.46 -70.96
10.46 -70.96 10.99 -71.28
18.47 -77.47 17.85 -77.4
18.15 -76.87 18.41 -77.07
10.08 -63.95 10.25 -64.54
10.81 -75.22 10.26 -74.92
18.14 -76.75 17.98 -76.85
10.53 -70.39 10.46 -70.8
18.2 -77.9 18.44 -78
18.19 -77.21 17.88 -77.13
18.07 -76.63 18.27 -76.7
18.3 -77.92 18.3 -78.34
18.22 -77.64 17.86 -77.57
10.32 -70.65 10.01 -70.61
10.73 -68.65 10.59 -68.26
19.96 -75.14 19.89 -75.08
19.9 -75.23 19.96 -75.16
9.354 -83.43 9.066 -83.51
9.066 -83.51 9.586 -84.54
9.586 -84.54 10 -84.12
8.399 -80.02 9.03 -80.18
9.03 -80.18 8.929 -80.54
8.929 -80.54 8.612 -80.85
8.612 -80.85 8.09 -80.48
9.468 -83.49 9.761 -84.08
9.761 -84.08 10 -84
9.824 -84.57 10 -84.66
10 -85.06 9.738 -85.24
10 -83.42 9.974 -83.32
9.974 -83.32 9.394 -83.46
9.394 -83.46 9.065 -82.93
9.054 -80 8.941 -80.14
8.554 -81.48 8.911 -82.72
8.784 -81.22 7.978 -81.62
-5.713 -80 -5.442 -80.54
-5.442 -80.54 -6.376 -80.65
8.135 -80.68 7.765 -80.94
7.765 -80.94 7.231 -80.63
0.3581 -80 0.3899 -80.06
-1.096 -80 -1.196 -80.14
-1.196 -80.14 -1.73 -80.18
-1.73 -80.18 -1.713 -80.8
-3.869 -80 -3.88 -80.15
7.519 -80.71 8 -80.38
10 -84.2 9.957 -84.2
8.621 -80.75 8.876 -80.87
-4.054 -80.5 -4.085 -81.06
10 -73.01 9.178 -73.38
9.178 -73.38 9.113 -72.77
9.113 -72.77 8.107 -72.33
8.107 -72.33 7.492 -72.47
7.492 -72.47 7.062 -72.07
7.062 -72.07 6.976 -70.12
6.976 -70.12 6.119 -69.43
6.119 -69.43 6.193 -67.45
6.193 -67.45 7.132 -67.1
7.132 -67.1 7.645 -66.35
7.645 -66.35 7.918 -65.58
7.918 -65.58 7.669 -64.82
7.669 -64.82 8.591 -62.26
8.591 -62.26 8.889 -62
8.889 -62 9.142 -62.33
9.142 -62.33 9.998 -62.36
5.206 -60.73 4.947 -60.58
4.947 -60.58 4.52 -60.99
4.52 -60.99 4.032 -62.75
4.032 -62.75 3.561 -62.89
3.561 -62.89 3.961 -63.34
3.961 -63.34 4.129 -64.6
4.129 -64.6 6.145 -65.62
6.145 -65.62 5.619 -67
5.619 -67 6.192 -67.45
4.713 -73.05 4.22 -73.14
4.22 -73.14 4.488 -73.7
4.488 -73.7 3.693 -74.45
3.693 -74.45 4.231 -74.53
4.231 -74.53 4.279 -74.9
4.279 -74.9 6.23 -74.57
6.23 -74.57 7.005 -73.89
7.005 -73.89 8.093 -73.86
8.093 -73.86 7.695 -73.74
7.695 -73.74 7.817 -73.25
7.817 -73.25 8.405 -73.34
8.405 -73.34 8.34 -73.58
8.34 -73.58 9.173 -73.31
-8.826 -61.4 -8.822 -60
1.765 -62.9 0.9291 -62.49
0.9291 -62.49 -0.7787 -62.51
-0.7787 -62.51 -1.386 -61.86
-1.386 -61.86 -1.423 -61.6
-1.423 -61.6 -0.4933 -61.22
-0.4933 -61.22 -0.8351 -60.52
-0.8351 -60.52 -0.02213 -60
5.735 -74.64 5.462 -73.64
5.462 -73.64 4.905 -73.53
4.905 -73.53 4.291 -72.72
4.291 -72.72 4.822 -71.2
4.822 -71.2 6.119 -69.43
-8.981 -75.91 -9.405 -75.6
-9.405 -75.6 -8.656 -74.53
-8.656 -74.53 -9.362 -74.72
-9.362 -74.72 -9.544 -74.42
-9.544 -74.42 -10 -74.38
-8.556 -76.86 -6.988 -77.79
-6.988 -77.79 -6.364 -77.15
-6.364 -77.15 -5.716 -77.77
-5.716 -77.77 -4.029 -77.53
-4.029 -77.53 -2.972 -77.81
-8.831 -61.4 -8.002 -62.77
-8.002 -62.77 -8 -63.53
-8 -63.53 -9.424 -65.08
-9.424 -65.08 -9.394 -66.31
-9.394 -66.31 -9.837 -66.83
-5.362 -77.54 -6.053 -76.63
-6.053 -76.63 -5.901 -76.33
-5.901 -76.33 -6.34 -76.18
-6.34 -76.18 -6.316 -75.47
-6.316 -75.47 -6.848 -75.54
-6.848 -75.54 -6.766 -76
-6.766 -76 -7.233 -76.14
-7.233 -76.14 -8.106 -75.77
-8.106 -75.77 -8.983 -75.91
1.684 -73.36 0.6249 -71.6
0.6249 -71.6 0.1018 -71.47
0.1018 -71.47 0.1488 -70.64
0.1488 -70.64 -0.8479 -70.12
-0.8479 -70.12 -1.079 -69.44
-10 -61.45 -8.832 -61.4
7.496 -71.84 7.285 -70.64
7.285 -70.64 8.073 -69.41
8.073 -69.41 7.654 -66.32
5.502 -76 6.213 -76.28
6.213 -76.28 6.172 -76.71
6.172 -76.71 6.699 -76.97
6.699 -76.97 7.127 -76.92
7.127 -76.92 7.217 -76.54
7.217 -76.54 7.747 -77.13
7.747 -77.13 8.134 -76.84
-1.411 -78.89 -2.139 -79.16
-2.139 -79.16 -0.8888 -79.37
-0.8888 -79.37 -0.6246 -78.35
-0.6246 -78.35 -0.07767 -77.94
-0.07767 -77.94 0.1924 -77.99
0.1924 -77.99 0.2583 -78.86
0.2583 -78.86 0.1936 -78
-10 -70.66 -9.945 -70.63
8.906 -76.42 8.43 -76.2
8.43 -76.2 7.52 -76.47
7.52 -76.47 7.239 -75.81
7.239 -75.81 8.128 -74.92
8.128 -74.92 9.42 -75.73
2.677 -71.08 3.527 -70.07
3.527 -70.07 4.047 -67.71
-9.916 -66.64 -8.162 -70.35
-8.162 -70.35 -7.05 -73.78
0.3658 -77.14 1.225 -77.02
1.225 -77.02 1.433 -76.64
1.433 -76.64 1.008 -76.44
1.008 -76.44 0.7674 -75.31
0.7674 -75.31 -0.02335 -74.68
-0.02335 -74.68 -0.1683 -74.06
-7.592 -78.7 -7.772 -78.28
-7.772 -78.28 -7.469 -77.75
-7.469 -77.75 -5.836 -78.77
-5.836 -78.77 -4.586 -78.71
1.547 -76.15 1.963 -76.56
1.963 -76.56 2.394 -76.4
2.394 -76.4 2.451 -75.78
2.451 -75.78 3.212 -76.09
3.212 -76.09 3.257 -77.42
4.899 -71.08 2.677 -71.08
2.677 -71.08 2.808 -72.01
2.808 -72.01 2.387 -73.45
2.387 -73.45 1.738 -73.47
1.225 -66.87 2.144 -67.42
2.144 -67.42 1.745 -67.92
1.745 -67.92 2.018 -68.19
2.018 -68.19 1.723 -68.14
1.723 -68.14 1.913 -70.72
4.259 -77.24 3.995 -76.71
3.995 -76.71 4.978 -76.13
4.978 -76.13 4.718 -75.74
4.718 -75.74 3.212 -76.09
7.061 -72.4 6.495 -72.5
6.495 -72.5 6.571 -72.78
6.571 -72.78 5.766 -73.39
5.766 -73.39 6.14 -73.5
6.14 -73.5 5.693 -73.67
5.693 -73.67 6.272 -74.53
8.149 -73.79 8.977 -73.88
8.977 -73.88 9.448 -74.81
9.448 -74.81 10 -74.83
8.567 -77.44 9.087 -78.04
9.087 -78.04 8.844 -78.44
8.844 -78.44 8.347 -78.4
-8.563 -77.26 -9.178 -76.73
-9.178 -76.73 -9.769 -77.07
-9.769 -77.07 -10 -77.01
-8.985 -75.91 -8.563 -77.26
-8.563 -77.26 -8.011 -77.65
-8.011 -77.65 -8.966 -78.66
-0.5611 -74.41 -0.1646 -74.03
-0.1646 -74.03 -0.4051 -72.34
-0.4051 -72.34 0.3203 -71.56
3.729 -74.5 2.692 -74.99
2.692 -74.99 1.547 -76.15
1.547 -76.15 1.067 -76.08
9.087 -78.04 9.295 -79.25
9.295 -79.25 9.542 -79.08
9.857 -68.98 10 -69.11
9.333 -79.23 9.477 -79.49
9.477 -79.49 9.054 -80
9.966 -66.62 9.231 -66.73
9.231 -66.73 10 -67.44
8.976 -73.87 10 -74.06
-1.018 -78.41 -1.243 -77.87
-1.243 -77.87 -0.9493 -76.6
-0.9493 -76.6 -1.553 -75.59
9.747 -70.69 9.85 -70.22
9.85 -70.22 9.395 -69.71
9.395 -69.71 9.782 -68.99
-2.573 -76.66 -1.417 -78.2
-1.417 -78.2 -1.301 -78.89
6.341 -72.33 6.083 -72.11
6.083 -72.11 6.299 -70.16
6.299 -70.16 6.035 -69.84
9.953 -65.7 8.878 -64.79
8.878 -64.79 8.729 -65.15
8.729 -65.15 7.879 -65.36
9.43 -70.03 8.99 -70.17
8.99 -70.17 8.119 -68.88
8.119 -68.88 8.635 -68.57
-10 -75.47 -9.883 -75.4
-9.883 -75.4 -9.598 -74.42
8.221 -74.94 8.319 -74.58
8.319 -74.58 8.804 -74.54
8.804 -74.54 10 -75.46
8.611 -71.95 7.502 -71.31
7.502 -71.31 7.408 -72.39
8.93 -68.65 9.857 -68.98
9.857 -68.98 10 -68.59
10 -68.05 9.827 -67.79
-3.068 -79.9 -3.626 -79.09
-3.626 -79.09 -4.761 -79.45
-2.32 -78.64 -2.809 -78.85
-2.809 -78.85 -2.335 -79.46
-2.335 -79.46 -2.321 -78.64
-5.53 -79.41 -5.989 -79.45
-5.989 -79.45 -5.713 -80
1.313 -76.8 1.64 -77.37
1.64 -77.37 2.222 -77.3
2.222 -77.3 2.61 -77.94
8.381 -62.68 9.201 -63.9
9.201 -63.9 10 -63.94
4.814 -75.4 5.066 -75.94
5.066 -75.94 5.727 -75.61
3.737 -74.49 4.824 -74.05
4.824 -74.05 4.015 -74.15
9.369 -68.84 8.785 -68.75
8.785 -68.75 7.956 -67.54
7.155 -60.34 7.106 -60
0.8968 -78.47 0.4955 -78.48
0.4955 -78.48 0.08621 -79.44
0.08621 -79.44 0.3581 -80
-5.989 -79.45 -6.761 -79.16
-6.761 -79.16 -7.18 -79.71
7.704 -73.59 7.499 -72.94
7.499 -72.94 7.051 -72.82
7.051 -72.82 7.064 -72.06
8.195 -74.86 7.01 -74.34
7.01 -74.34 7.225 -73.94
3.837 -74.53 3.29 -74.94
3.29 -74.94 2.997 -76.01
9.955 -67.54 9.544 -67.97
9.544 -67.97 8.533 -68.02
2.692 -74.99 1.68 -73.35
8.449 -62.6 8.287 -61.63
8.287 -61.63 7.817 -61.32
7.817 -61.32 7.921 -60.26
8.954 -70.54 7.684 -71.48
4.081 -75.72 5.149 -75.29
5.149 -75.29 5.286 -74.74
-0.8693 -79.69 -1.096 -80
-2.064 -79.19 -1.658 -79.87
-1.658 -79.87 -0.9163 -79.55
1.202 -78.56 0.4063 -77.93
0.4063 -77.93 0.6691 -77.55
-1.197 -79.16 -1.063 -78.47
-1.063 -78.47 -0.6676 -78.44
8.965 -71.35 8.391 -72.43
-7.011 -79.34 -7.66 -79.07
-7.66 -79.07 -7.587 -78.7
0.07797 -79.62 -0.9157 -79.55
10 -70.7 9.746 -70.7
9.746 -70.7 9.617 -71.06
-3.328 -79.51 -3.827 -79.42
-3.827 -79.42 -3.869 -80
5.776 -74.68 5.464 -75.25
5.464 -75.25 5.73 -75.61
-3.789 -78.42 -3.32 -78.96
-3.32 -78.96 -3.626 -79.09
9.008 -70.18 9.355 -71.06
9.99 -68.37 10 -68.37
4.982 -76.11 5.38 -76.27
5.38 -76.27 5.466 -75.82
2.684 -71.04 2.208 -70.56
2.208 -70.56 1.915 -70.72
-2.626 -78.56 -3.319 -78.96
7.01 -71.94 6.341 -72.34
-2.32 -78.65 -1.575 -78.42
-4.828 -79.42 -5.531 -79.41
9.834 -70.34 9.893 -70.69
0.5586 -77.69 0.1024 -77.99
-3.084 -79.68 -2.525 -79.4
9.173 -71.23 9.122 -71.29
9.568 -69.63 9.699 -69.36
4.676 -75.4 4.715 -75.74
9.189 -70.89 9.209 -71.21
-7.031 -77.98 -7.122 -77.73
-1.164 -78.24 -1.42 -78.2
9.292 -70.96 9.132 -71.07
-4.221 -69.95 -4.336 -70.04
-0.9108 -79.38 -0.9148 -79.55
0.1033 -77.99 0.1936 -78
-2.196 -79.16 -2.143 -79.12
-10 -43.9 -9.343 -43.64
-9.343 -43.64 -9.569 -42.63
-9.569 -42.63 -8.707 -41.16
-8.707 -41.16 -9.488 -40.62
-9.488 -40.62 -9.014 -40
-8.822 -60 -8.818 -58.46
-8.818 -58.46 -7.33 -58.06
-7.33 -58.06 -8.767 -57.56
-8.767 -57.56 -9.475 -56.74
-9.475 -56.74 -9.844 -50.23
-10 -50.25 -8.058 -49.2
-8.058 -49.2 -6.937 -49.22
-6.937 -49.22 -5.937 -48.23
-5.937 -48.23 -5.61 -48.14
-5.61 -48.14 -5.357 -48.72
-0.02213 -60 0.2306 -59.84
0.2306 -59.84 0.2254 -58.85
-10 -45.95 -8.925 -45.98
-8.925 -45.98 -7.686 -45.48
-7.686 -45.48 -6.744 -43.97
-6.744 -43.97 -6.765 -43
-6.765 -43 -6.258 -42.85
2.457 -54.77 1.769 -54.74
1.769 -54.74 1.265 -53.44
1.265 -53.44 -0.8797 -52.52
-0.8797 -52.52 -1.154 -51.91
1.32 -58.97 -0.6188 -58.74
-0.6188 -58.74 -1.349 -58.33
-1.349 -58.33 -2.03 -56.75
-2.03 -56.75 -2.515 -57.04
-2.515 -57.04 -2.353 -56.37
-10 -46.46 -9.039 -47.08
-9.039 -47.08 -7.97 -46.48
-7.97 -46.48 -8.043 -47.02
-8.043 -47.02 -7.45 -47.59
-1.211 -46.09 -3.894 -47.09
-3.894 -47.09 -5.353 -48.75
5.712 -56.43 4.814 -56.29
4.814 -56.29 4.623 -56.78
4.623 -56.78 3.876 -57.09
3.876 -57.09 3.638 -56.22
3.638 -56.22 2.522 -55.99
-7.391 -40.53 -6.806 -40.42
-6.806 -40.42 -5.614 -41.1
-5.614 -41.1 -3.024 -41.25
-6.26 -42.85 -5.908 -43.1
-5.908 -43.1 -5.181 -42.8
-5.181 -42.8 -4.225 -42.99
-4.225 -42.99 -2.767 -41.84
-2.224 -56.63 -2.229 -56.31
-2.229 -56.31 -6.735 -58.35
-6.735 -58.35 -7.33 -58.06
-7.386 -40 -7.404 -40.66
-7.404 -40.66 -8.108 -40.58
-8.108 -40.58 -8.712 -41.37
3.27 -56.18 3.329 -55.61
3.329 -55.61 4.155 -54.93
4.155 -54.93 5.305 -54.48
5.305 -54.48 5.965 -54.73
-7.446 -47.59 -5.551 -47.48
-5.551 -47.48 -5.167 -48.34
-5.167 -48.34 -5.359 -48.72
2.316 -53.3 3.912 -53.13
3.912 -53.13 5.572 -53.5
-1.14 -51.84 -0.07187 -51.2
-0.07187 -51.2 0.7286 -50.04
6.266 -58.39 5.015 -58.69
5.015 -58.69 4 -58.33
4 -58.33 4 -58.04
5.299 -54.94 5.228 -55.67
5.228 -55.67 3.639 -56.22
7.106 -60 6.983 -59.15
6.983 -59.15 7.681 -58.77
6.76 -58.91 6.268 -58.4
6.268 -58.4 7.046 -58.45
5.002 -58.37 6.526 -58.25
4.888 -54.73 5.885 -55.12
-5.382 -41.01 -4.326 -41.07
6.985 -59.15 6.761 -58.9
6.761 -58.9 7.13 -58.47
5.98 -58.13 5.865 -57.73
5.865 -57.73 6.227 -57.52
5.935 -57.98 6.545 -57.74
-4.177 -41.12 -3.578 -41.39
5.358 -55.09 5.683 -55.03
5.683 -55.03 5.691 -55.34
5.784 -55.92 5.94 -56.6
5.002 -59.99 5 -58.37
5.327 -55.31 5.928 -55.29
-3.52 -41.41 -3.296 -41.4
6.528 -58.25 6.812 -58.17
-9.014 -40 -8.531 -39.37
-8.531 -39.37 -8.837 -38.49
-8.837 -38.49 -9.418 -38.2
-9.418 -38.2 -10 -37.23
-7.542 -34.89 -7.451 -35.49
-7.451 -35.49 -8.284 -36.96
-8.284 -36.96 -7.993 -37.35
-7.993 -37.35 -7.49 -36.99
-7.49 -36.99 -7.271 -37.24
-7.271 -37.24 -7.823 -38.07
-7.823 -38.07 -7.612 -38.71
-7.612 -38.71 -6.269 -38.59
-6.269 -38.59 -4.808 -37.25
-6.382 -38.53 -6.524 -38.12
-6.524 -38.12 -6.024 -37.21
-6.024 -37.21 -6.718 -37.49
-6.718 -37.49 -6.984 -36.72
-6.984 -36.72 -6.292 -36.31
-6.292 -36.31 -6.504 -34.97
-9.328 -38.24 -8.853 -37.75
-8.853 -37.75 -9.384 -36.93
-9.384 -36.93 -8.886 -36
-8.886 -36 -8.913 -35.15
-7.621 -38.69 -7.858 -39.07
-7.858 -39.07 -7.375 -39.64
-7.375 -39.64 -7.386 -40
-10 -37.91 -9.529 -38
-11.06 -76.49 -12.62 -75.57
-12.62 -75.57 -11.97 -75.06
-11.97 -75.06 -12 -74.6
-12 -74.6 -14.11 -72.08
-14.11 -72.08 -14.67 -72.49
-14.67 -72.49 -14.82 -73.53
-14.82 -73.53 -13.76 -73.75
-30 -62.14 -25.66 -61.71
-25.66 -61.71 -25.57 -64.2
-25.57 -64.2 -27.91 -65.17
-27.91 -65.17 -29.29 -65.04
-29.29 -65.04 -29.56 -64.88
-29.56 -64.88 -29.77 -62.26
-29.77 -62.26 -30 -62.16
-22.24 -62.64 -19.64 -61.74
-19.64 -61.74 -19.3 -60
-20.47 -62.2 -20.44 -63.67
-20.44 -63.67 -19.03 -63.74
-19.03 -63.74 -19.21 -64.02
-19.21 -64.02 -18.61 -64.38
-18.61 -64.38 -18.62 -65.24
-18.62 -65.24 -17.87 -66.02
-17.87 -66.02 -17.99 -66.62
-17.99 -66.62 -17.4 -67.12
-17.4 -67.12 -17.86 -67.77
-17.86 -67.77 -17.65 -68.43
-17.65 -68.43 -18.04 -69.07
-23.73 -67.25 -24.16 -66.53
-24.16 -66.53 -23.37 -66.34
-23.37 -66.34 -24.44 -65.53
-24.44 -65.53 -24.41 -64.3
-24.41 -64.3 -23.51 -64.18
-23.51 -64.18 -23.49 -64.88
-23.49 -64.88 -22.59 -65.35
-22.59 -65.35 -22.09 -65.19
-10 -74.38 -10.76 -74.32
-10.76 -74.32 -11.06 -76.49
-11.06 -76.49 -10.44 -76.75
-14.7 -67.63 -11.81 -66.87
-11.81 -66.87 -10.39 -65.4
-15.82 -66.96 -16.41 -65.8
-16.41 -65.8 -15.8 -65.29
-15.8 -65.29 -15.72 -63.25
-15.72 -63.25 -14.88 -63.7
-14.88 -63.7 -14.29 -63.58
-14.29 -63.58 -13.55 -61.45
-13.03 -68.96 -13.35 -69.63
-13.35 -69.63 -13.01 -70.34
-13.01 -70.34 -13.81 -70.86
-13.81 -70.86 -14.67 -71.13
-14.67 -71.13 -16.25 -70.86
-16.25 -70.86 -17.32 -71.49
-13.68 -60.75 -12.7 -60
-11.36 -60 -11 -61.09
-11 -61.09 -10.53 -61.47
-10.53 -61.47 -10 -61.45
-10.85 -74.4 -10.74 -73.77
-10.74 -73.77 -11.33 -73.43
-11.33 -73.43 -11.43 -72.57
-11.43 -72.57 -11.26 -72.02
-11.26 -72.02 -11.07 -72.49
-11.07 -72.49 -10.54 -71.01
-10.54 -71.01 -10 -70.66
-24.12 -62.34 -25.74 -60
-15.09 -74.73 -14.39 -75.13
-14.39 -75.13 -13.89 -74.65
-13.89 -74.65 -13.24 -74.89
-13.24 -74.89 -13.05 -74.28
-13.05 -74.28 -12.15 -74.39
-30 -67.98 -29.69 -68.33
-29.69 -68.33 -29.62 -69.02
-29.62 -69.02 -28.92 -68.92
-28.92 -68.92 -28.4 -69.65
-27.91 -65.17 -28.05 -65.57
-28.05 -65.57 -27.33 -66.19
-27.33 -66.19 -26.74 -65.85
-26.74 -65.85 -26.23 -66.15
-26.23 -66.15 -26.22 -64.49
-30 -65.18 -28.44 -66.56
-28.44 -66.56 -28.38 -67.82
-28.38 -67.82 -27.74 -68.44
-27.74 -68.44 -27.77 -69.12
-23.79 -61.02 -23.24 -60
-10 -77.01 -10.29 -76.93
-10.29 -76.93 -10.75 -77.49
-10.75 -77.49 -10.36 -77.7
-10.36 -77.7 -10.61 -77.89
-15.87 -64.65 -16.76 -64.82
-16.76 -64.82 -17.39 -64.25
-17.39 -64.25 -17.92 -64.71
-17.92 -64.71 -18.66 -64.34
-11.26 -72.02 -11.8 -72.38
-11.8 -72.38 -12.81 -71.79
-12.81 -71.79 -13.02 -70.34
-21.53 -65.24 -20.2 -65.37
-20.2 -65.37 -19.71 -64.74
-19.71 -64.74 -19.11 -65.54
-22.09 -65.17 -20.94 -65.16
-20.94 -65.16 -21 -62.26
-15.97 -70.85 -16.69 -70.01
-16.69 -70.01 -17.8 -71.18
-10.29 -76.93 -10.41 -75.72
-10.41 -75.72 -10 -75.47
-17.99 -66.62 -18.5 -66.69
-18.5 -66.69 -19.18 -66.13
-19.18 -66.13 -19.85 -67.71
-19.85 -67.71 -19.58 -68.58
-14.73 -72.85 -15.4 -73.29
-15.4 -73.29 -15.61 -74.06
-15.61 -74.06 -15.09 -74.73
-14.14 -75.07 -13.4 -75.8
-13.4 -75.8 -12.98 -75.63
-12.98 -75.63 -13.32 -76.25
-15.33 -71.03 -14.67 -72.49
-26.23 -66.15 -26.38 -66.41
-26.38 -66.41 -25.88 -66.8
-25.88 -66.8 -25.27 -66.56
-25.27 -66.56 -25.16 -68.49
-25.27 -68.54 -26.09 -70.66
-19.32 -60 -19.3 -60.01
-18.57 -65.63 -19.71 -64.73
-17.55 -66.99 -15.92 -67.07
-29.72 -69.92 -29.06 -70.74
-29.06 -70.74 -29.18 -71.5
-20.9 -68.56 -20.9 -68.95
-20.9 -68.95 -21.3 -68.77
-21.3 -68.77 -21.43 -70.05
-12.5 -68.68 -11.9 -67.97
-11.9 -67.97 -12.43 -66.83
-12.28 -73.96 -12.19 -73.63
-12.19 -73.63 -11.32 -73.44
-13.77 -73.75 -13.21 -73.8
-13.21 -73.8 -13.42 -73.22
-14.66 -67.59 -15.92 -67.07
-25.66 -63.4 -24.4 -62.33
-24.4 -62.33 -22.47 -62.34
-29.56 -64.88 -30 -65.14
-28 -60 -28 -61.71
-16.98 -70.12 -17.29 -69.65
-18.57 -65.63 -18.42 -65.34
-15.09 -74.73 -15.44 -75.08
-12.98 -75.63 -12.68 -75.47
-14.87 -46.02 -12.34 -46.35
-12.34 -46.35 -11.61 -46.08
-11.61 -46.08 -11.29 -46.56
-11.29 -46.56 -10.33 -45.76
-10.33 -45.76 -10.9 -45.06
-10.9 -45.06 -10.6 -44.13
-10.6 -44.13 -10 -43.9
-22.1 -43.13 -22.87 -46.34
-22.87 -46.34 -22.31 -46.7
-22.31 -46.7 -21.46 -46.51
-21.46 -46.51 -21.41 -47
-21.41 -47 -19.97 -47.46
-19.97 -47.46 -20.15 -48.83
-20.15 -48.83 -20.44 -48.9
-20.44 -48.9 -19.98 -49.25
-19.98 -49.25 -19.78 -50.48
-19.78 -50.48 -20.59 -51.57
-20.59 -51.57 -21.72 -52.05
-21.72 -52.05 -22.88 -53.57
-22.88 -53.57 -24.05 -54.24
-15.21 -46.02 -14.87 -46.02
-14.87 -46.02 -14.71 -46.51
-14.71 -46.51 -15.06 -46.89
-15.06 -46.89 -15.85 -46.83
-15.85 -46.83 -16.03 -47.23
-16.03 -47.23 -16.04 -48.25
-16.04 -48.25 -15.49 -48.2
-15.49 -48.2 -15.59 -47.3
-15.59 -47.3 -16.5 -47.45
-16.5 -47.45 -16.97 -47.15
-16.97 -47.15 -17.46 -47.54
-17.46 -47.54 -18.06 -47.28
-18.06 -47.28 -18.49 -47.94
-18.49 -47.94 -18.3 -48.92
-19.3 -60 -19.3 -59.97
-19.3 -59.97 -19.83 -58.15
-19.83 -58.15 -20.97 -57.81
-20.97 -57.81 -22.72 -57.94
-22.72 -57.94 -24.37 -57.08
-24.37 -57.08 -25.29 -57.67
-27.32 -58.6 -29.42 -59.58
-29.42 -59.58 -30 -59.58
-11.75 -50.71 -10.66 -50.61
-10.66 -50.61 -10 -50.25
-22.71 -53.16 -22.52 -52.08
-22.52 -52.08 -22.9 -49.98
-22.9 -49.98 -24.67 -49.3
-24.67 -49.3 -24.68 -48.58
-24.68 -48.58 -25.32 -48.08
-27.17 -53.84 -27.56 -51.46
-27.56 -51.46 -28.39 -50.61
-28.39 -50.61 -28.47 -49.75
-28.47 -49.75 -29.29 -50.17
-29.29 -50.17 -29.32 -49.7
-17.98 -40.21 -17.31 -40.6
-17.31 -40.6 -16.13 -40
-15.99 -40 -15.75 -41.33
-15.75 -41.33 -15.11 -41.79
-15.11 -41.79 -14.57 -43.88
-10.32 -45.94 -10 -45.95
-12.7 -60 -12.51 -59.85
-12.51 -59.85 -11.4 -59.89
-11.4 -59.89 -11.36 -60
-25.98 -48.58 -26.23 -49.51
-26.23 -49.51 -26.01 -50.59
-26.01 -50.59 -26.71 -51.4
-26.71 -51.4 -26.26 -53.65
-16 -52.31 -14.89 -51.1
-14.89 -51.1 -12.88 -50.48
-12.88 -50.48 -11.76 -50.71
-10.33 -45.76 -10.18 -46.34
-10.18 -46.34 -10 -46.46
-25.74 -60 -26.88 -58.35
-20.48 -41.81 -19.47 -40.96
-19.47 -40.96 -18.85 -41.24
-18.85 -41.24 -18.79 -40.92
-18.79 -40.92 -17.95 -40.92
-17.95 -40.92 -18.23 -40
-26.1 -55.29 -26.78 -56.5
-26.78 -56.5 -26.35 -57.04
-26.35 -57.04 -26.41 -57.71
-26.41 -57.71 -26.12 -57.45
-26.12 -57.45 -25.77 -57.81
-23.24 -60 -23.07 -59.67
-23.07 -59.67 -23.37 -58.12
-23.37 -58.12 -23.01 -57.78
-24 -55.32 -24.44 -55.01
-24.44 -55.01 -24.96 -55.33
-24.96 -55.33 -25.35 -54.95
-25.35 -54.95 -25.24 -55.31
-25.24 -55.31 -25.99 -55.44
-25.99 -55.44 -26.24 -54.67
-18.3 -48.92 -18.69 -50.33
-18.69 -50.33 -20.08 -51.01
-18.62 -52.92 -17.28 -53.2
-17.28 -53.2 -16 -52.31
-23.76 -55.81 -24.75 -55.83
-24.75 -55.83 -24.96 -57.2
-15.22 -46.04 -14.24 -44.32
-14.24 -44.32 -14.34 -43.79
-22.1 -43.14 -21.72 -42.28
-21.72 -42.28 -20.78 -41.87
-18.62 -52.91 -19.45 -50.93
-21.19 -57.84 -21.16 -58.84
-21.16 -58.84 -19.32 -60
-23.36 -44.73 -22.99 -44.8
-22.99 -44.8 -22.69 -44.16
-22.69 -44.16 -22.41 -44.83
-25.01 -56.51 -25.65 -56.77
-25.65 -56.77 -25.12 -57.45
-20.47 -41.81 -21.11 -41.72
-21.11 -41.72 -21.27 -40.96
-22.68 -56.29 -23.4 -56.38
-23.4 -56.38 -23.47 -57.44
-25.83 -55.91 -25.56 -56.08
-25.56 -56.08 -25.69 -56.65
-25.69 -56.65 -26.19 -56.63
-23.33 -56.29 -23.82 -56.01
-23.82 -56.01 -23.38 -55.5
-26.12 -56.54 -25.51 -55.45
-25.98 -57.51 -25.44 -57.15
-28 -58.89 -28 -60
-26.5 -57.58 -27.29 -57.01
-27.29 -57.01 -27.4 -57.33
-22.25 -56.77 -22.88 -56.68
-26.12 -56.54 -26.52 -56.85
-22.68 -56.28 -22.88 -56.69
-27.37 -56.68 -26.74 -56.62
-28.14 -55.63 -27.34 -56
-24.95 -48.42 -25.02 -48.23
-14.57 -43.88 -14.35 -43.79
-25.69 -56.66 -25.65 -56.75
-10 -37.23 -10.5 -36.41
-16.13 -40 -16 -39.93
-16 -39.93 -15.99 -40
-18.23 -40 -18.33 -39.67
-11.52 -37.49 -11.41 -37.99
-11.41 -37.99 -10.9 -38.24
-10.9 -38.24 -10.63 -37.78
-10.63 -37.78 -10 -37.91
-34.38 -62.85 -32.83 -61.73
-32.83 -61.73 -31.72 -62.25
-31.72 -62.25 -30.73 -61.85
-30.73 -61.85 -30.56 -62.19
-30.56 -62.19 -30 -62.14
-30 -62.16 -30.16 -62.09
-31.07 -60 -31.74 -60.65
-31.74 -60.65 -32.53 -60.77
-32.53 -60.77 -33.44 -60.06
-33.44 -60.06 -33.46 -60
-36 -65.09 -32.31 -64.92
-32.31 -64.92 -31.89 -65.64
-31.89 -65.64 -31.85 -67.35
-31.85 -67.35 -36 -66.62
-36.14 -70.42 -37.11 -69.71
-37.11 -69.71 -37.63 -67.79
-37.63 -67.79 -38.26 -67.57
-38.26 -67.57 -38.71 -66.55
-38.71 -66.55 -38.81 -64.98
-41.01 -71.86 -41.06 -71.15
-41.06 -71.15 -38.98 -68.25
-38.98 -68.25 -36 -68.29
-36 -68.29 -36 -65.09
-31.88 -66.73 -30.71 -67.19
-30.71 -67.19 -30 -67.98
-30.06 -65.13 -30 -65.18
-40.71 -63.39 -34.38 -63.38
-34.38 -63.38 -34.38 -61.71
-34.38 -61.71 -33.27 -60.26
-44.51 -74.66 -44.87 -73.63
-44.87 -73.63 -43.68 -72.4
-43.68 -72.4 -43.87 -71.7
-32.31 -70.24 -31.95 -69.17
-31.95 -69.17 -32.39 -67.36
-37.84 -71.12 -38.3 -71.63
-38.3 -71.63 -37.58 -73.04
-38.91 -71.39 -38.41 -72.05
-38.41 -72.05 -38.32 -73.5
-34.7 -70.25 -34.12 -72
-40.75 -71.94 -41.14 -72.6
-41.14 -72.6 -41.05 -73.65
-41.05 -73.65 -40.73 -73.87
-33.46 -71.69 -32.93 -70.89
-32.93 -70.89 -33.05 -70.1
-36.14 -70.55 -35.12 -72.23
-35.54 -70.41 -34.99 -71.29
-34.99 -71.29 -35.03 -72.2
-37.22 -71.13 -37.39 -72.99
-42.62 -72.12 -41.69 -73.93
-34.29 -70.05 -33.86 -70.43
-33.86 -70.43 -34.14 -71.52
-35 -70.36 -34.69 -72.07
-38.43 -73.27 -37.16 -73.2
-40.6 -71.84 -40.21 -73.72
-35.96 -72.78 -36.28 -72.09
-36.28 -72.09 -35.49 -71.85
-39.57 -71.68 -39.39 -73.25
-37.19 -72.19 -36.37 -72.87
-48.82 -75.75 -48.72 -74.12
-48.72 -74.12 -49.25 -73.17
-38.81 -64.97 -39.33 -63.39
-32.26 -70.32 -32.19 -71.54
-36.48 -71.02 -36.12 -72.09
-42 -71.76 -42 -65.07
-32.93 -70.75 -32.62 -71.44
-30 -65.14 -31.06 -65.77
-31.06 -65.77 -31.88 -65.76
-46 -71.64 -46 -67.58
-40.71 -63.39 -41.05 -62.78
-35 -63.38 -35 -65.09
-32.92 -56.81 -32.43 -55.44
-32.43 -55.44 -32.76 -56.16
-32.76 -56.16 -32.95 -55.99
-32.95 -55.99 -33.04 -57.87
-33.04 -57.87 -33.42 -58.39
-30 -59.58 -30.64 -59.59
-30.64 -59.59 -31.07 -60
-33.46 -60 -34.01 -58.45
-33.88 -58.41 -33.9 -56.46
-33.9 -56.46 -33.19 -56.88
-33.19 -56.88 -33.36 -57.35
-33.36 -57.35 -34.14 -56.94
-34.14 -56.94 -34.45 -57.18
-30.79 -57.8 -31.08 -56.01
-31.08 -56.01 -31.87 -56.47
-31.87 -56.47 -31.51 -58.04
-34.43 -56.4 -34.2 -55.61
-34.2 -55.61 -33.12 -55.11
-33.12 -55.11 -33.5 -56.53
-34.62 -55.47 -33.14 -53.61
-30.34 -59.65 -30.18 -58.45
-30.18 -58.45 -30.75 -57.81
-33.12 -55.11 -32.71 -54.33
-32.71 -54.33 -32.78 -53.3
-31.3 -56.16 -32.12 -54.66
-32.49 -56.56 -32.5 -58.2
-31.67 -54.46 -32.33 -54.85
-32.33 -54.85 -32.44 -55.44
-33.9 -56.46 -34.8 -56.37
-33.38 -55.12 -33.46 -54.13
-31.75 -56.32 -32.65 -56.6
-33.93 -54.48 -34.81 -54.53
-33.02 -55.01 -32.49 -55.32
-34.21 -55.62 -34.81 -55.37
-34.73 -56.36 -34.89 -56.03
-54.89 -68.64 -54.92 -67.2
